945 1890
196 522
732 457
721 107
80 450
517 118
859 229
695 539
19 417
684 630
420 314
162 648
347 550
68 684
335 296
7 450
836 405
73 396
773 388
601 307
642 160
168 504
333 286
746 317
584 292
450 711
24 561
743 396
159 504
805 416
545 48
907 945
551 454
718 295
95 527
138 180
125 843
366 54
154 20
467 400
515 702
527 762
687 384
827 499
788 553
264 666
659 499
458 720
648 608
507 101
803 560
401 877
688 773
711 897
531 922
592 535
939 193
543 762
377 706
393 293
861 390
223 584
360 542
556 333
880 251
813 798
685 564
932 9
516 773
922 99
574 257
409 76
195 114
720 467
832 343
561 370
615 3
583 218
684 197
427 737
733 112
247 705
74 803
110 552
812 878
906 785
650 332
220 226
241 536
387 38
731 256
200 259
76 430
518 939
43 191
597 541
671 305
857 781
548 524
931 412
916 613
629 305
247 734
323 531
550 363
937 163
649 247
409 258
162 591
163 506
292 257
297 608
211 486
648 883
563 55
641 833
590 138
101 881
798 520
747 861
894 75
664 439
884 165
580 190
289 182
682 611
888 346
870 725
313 860
616 78
413 83
705 339
523 244
215 856
842 92
258 61
674 235
860 213
899 658
668 768
483 828
66 27
340 720
87 68
805 127
606 815
227 683
543 940
513 467
34 931
117 88
444 158
562 503
892 98
418 8
355 882
802 303
707 389
665 426
716 563
864 774
114 294
753 69
226 264
824 810
808 50
366 494
764 5
341 820
553 335
483 584
407 515
398 73
875 923
202 54
924 228
339 294
175 345
784 233
2 810
907 245
504 161
366 497
459 305
793 254
699 305
591 306
432 817
839 757
738 821
851 526
191 428
175 669
753 119
438 33
115 212
514 21
711 623
185 774
51 416
571 860
662 483
170 651
136 226
938 536
724 330
39 197
595 941
335 104
637 836
66 603
471 382
760 784
918 699
823 488
820 893
384 100
477 132
613 605
827 358
111 284
696 818
37 17
610 821
113 491
632 644
887 259
544 171
307 311
143 494
932 916
228 416
489 675
240 188
95 699
774 2
334 655
82 562
710 751
478 21
194 11
250 521
786 400
770 525
256 618
280 171
635 828
12 546
911 406
606 160
225 334
119 834
130 398
431 821
538 852
798 911
301 717
362 167
492 396
936 234
633 557
649 816
412 871
58 335
924 747
876 6
576 842
703 857
544 355
307 255
769 355
936 919
554 215
420 270
262 691
448 470
786 386
516 612
815 907
834 406
269 105
738 423
705 824
26 174
283 206
254 264
623 897
631 666
193 253
581 845
13 187
676 26
755 515
445 304
12 719
37 134
277 631
526 716
680 934
761 522
887 478
211 92
929 698
128 173
4 877
127 736
279 431
458 320
530 405
901 703
4 329
423 431
153 68
742 843
727 694
604 872
515 863
719 585
479 419
174 249
570 155
347 366
94 270
385 154
576 206
760 411
243 433
344 898
247 126
686 181
584 237
125 542
536 387
325 673
72 336
457 396
38 14
706 124
851 710
232 245
654 313
795 830
324 605
112 16
223 658
830 451
748 568
178 231
433 644
600 256
202 887
885 722
616 139
462 701
808 193
59 908
939 797
924 34
138 277
856 664
586 474
880 696
774 398
740 266
486 907
219 243
476 552
672 375
934 356
544 302
157 170
732 245
41 831
481 637
122 889
747 272
768 699
368 580
183 316
443 380
633 627
373 808
265 898
306 681
439 491
225 148
317 636
657 617
17 714
554 499
699 742
779 251
638 804
520 664
279 234
458 504
528 318
485 359
170 282
561 77
264 347
532 247
56 168
384 58
630 347
770 578
11 253
24 733
922 450
192 599
102 68
470 342
473 613
934 25
816 310
374 242
123 446
867 47
727 433
505 856
180 97
669 668
679 388
720 118
866 141
575 759
419 940
372 162
55 538
314 400
260 564
282 595
873 300
943 849
508 273
557 122
315 168
268 254
701 197
813 907
157 285
490 752
300 593
891 602
615 656
444 526
327 336
821 423
148 717
349 647
352 149
82 591
943 661
895 113
110 923
190 185
656 135
869 178
543 524
160 235
627 64
167 296
68 169
19 273
505 335
880 781
934 3
274 624
125 506
554 335
26 465
407 108
432 493
733 17
918 344
738 632
61 346
389 61
287 839
753 444
573 682
722 36
117 360
605 707
642 440
597 47
815 88
586 205
720 855
448 233
732 633
108 374
198 69
116 131
64 441
543 709
139 124
881 131
293 730
368 90
277 880
244 367
247 391
620 821
507 609
635 365
564 701
782 289
456 604
404 334
634 728
442 63
938 775
854 230
1 116
216 496
347 913
445 889
745 88
525 635
856 117
914 365
848 164
410 930
698 433
148 293
334 802
812 329
905 268
524 136
716 301
370 667
370 292
577 719
391 325
462 685
879 193
738 314
582 700
549 935
143 511
21 356
707 582
285 922
273 261
189 56
333 942
797 585
543 688
695 174
533 362
424 433
81 144
889 521
286 428
252 945
471 63
808 343
863 292
144 356
869 216
444 575
138 382
393 385
641 922
736 536
682 25
764 192
535 83
349 615
540 593
79 87
63 635
68 452
698 575
645 768
613 822
579 890
729 252
92 516
130 489
900 850
817 52
606 464
166 634
760 405
703 657
759 131
816 640
158 467
454 15
438 640
917 280
159 37
742 640
595 35
489 647
152 369
64 403
265 751
853 669
503 98
216 153
267 359
231 629
732 881
501 208
842 273
20 415
137 266
389 761
637 716
417 10
109 9
19 225
131 78
578 48
871 288
86 854
175 852
325 561
308 257
760 419
227 614
285 164
765 847
570 473
610 711
232 352
820 222
325 851
705 221
373 434
32 929
876 98
270 42
899 598
847 820
166 540
462 120
686 653
504 708
639 205
125 386
369 411
613 515
443 766
748 633
238 568
586 189
822 10
295 142
516 727
663 640
173 862
317 921
609 921
777 674
288 752
488 54
337 719
581 809
578 205
903 690
635 298
941 690
433 300
42 354
722 256
747 863
70 170
860 41
830 769
525 165
311 180
423 176
675 890
221 764
670 277
557 152
20 435
22 870
548 572
129 922
684 794
368 596
462 518
620 68
879 260
79 248
511 830
39 8
204 918
577 287
7 99
180 565
604 618
723 623
136 850
377 431
270 546
22 889
846 586
100 872
904 405
254 139
221 556
80 825
141 246
933 462
271 408
20 822
866 274
15 637
865 618
802 550
287 487
756 286
707 639
142 739
905 238
799 36
126 311
550 862
702 817
776 594
650 225
743 753
302 852
242 281
202 812
459 24
320 829
485 410
215 314
343 481
733 740
581 298
267 350
912 9
255 901
129 273
68 258
465 362
641 932
370 796
888 673
100 473
815 718
855 217
840 217
421 625
338 644
182 358
192 540
563 681
436 802
183 669
24 826
831 684
726 91
264 755
84 393
481 675
354 147
651 862
671 403
306 347
586 940
880 828
367 813
259 412
881 456
724 319
342 233
839 741
638 890
878 382
313 582
728 355
749 499
436 79
682 444
701 827
188 293
778 350
319 818
202 815
169 400
631 309
224 663
531 414
607 139
380 85
600 916
859 826
919 651
210 314
69 58
364 720
366 258
648 933
796 210
858 820
510 215
421 248
319 367
761 653
922 293
63 557
64 709
122 849
492 195
609 610
564 120
197 244
825 58
796 186
428 380
731 288
438 695
855 883
772 376
105 765
415 653
624 437
435 323
663 813
135 514
67 226
127 595
862 457
167 7
333 208
776 404
80 6
616 429
229 939
195 727
692 703
64 580
204 463
802 622
161 308
20 663
701 125
225 343
232 42
753 504
679 287
868 468
246 448
308 792
666 502
28 290
247 942
809 19
208 849
88 252
189 435
695 776
684 210
613 655
709 667
547 135
569 374
92 691
764 924
744 140
524 173
177 350
54 36
760 268
353 637
270 177
436 217
303 557
592 95
438 310
28 281
81 11
502 386
74 141
402 315
331 566
429 530
909 264
322 482
114 90
313 298
24 345
544 698
180 252
205 18
929 318
515 258
72 64
97 140
278 748
483 257
29 554
232 586
508 271
184 844
281 668
590 563
522 921
666 864
870 263
636 158
391 762
896 499
143 927
644 283
459 538
118 829
708 642
111 278
224 256
358 255
450 545
108 632
362 847
509 940
527 433
937 66
521 470
591 830
925 929
366 905
377 784
88 786
507 405
238 600
440 660
264 919
599 892
288 13
534 649
703 217
891 916
124 518
95 41
225 816
319 922
545 655
378 680
146 316
310 6
599 644
289 332
237 579
494 696
265 427
124 942
553 536
827 540
778 33
415 927
511 381
915 578
428 323
731 186
699 856
730 171
751 723
562 796
328 572
816 181
894 498
591 174
465 796
941 814
564 287
195 660
577 257
898 205
94 426
186 260
919 250
759 577
430 29
274 633
314 570
792 529
173 698
300 70
138 313
653 454
33 8
185 437
134 851
378 462
529 134
362 209
890 613
825 455
274 165
727 625
913 513
720 737
30 429
888 87
124 892
933 702
724 105
600 762
106 178
348 923
284 37
125 359
270 575
805 16
760 186
244 75
584 626
275 468
665 791
137 512
502 24
856 135
512 57
272 72
561 556
8 886
854 427
299 692
178 213
70 272
827 704
917 180
812 46
855 176
743 620
802 587
14 262
863 344
603 448
234 168
191 556
36 56
915 352
298 105
392 238
655 183
276 785
183 40
457 745
227 828
678 847
702 524
888 584
596 377
284 765
713 246
906 128
836 575
784 914
824 265
308 154
496 415
211 530
839 254
75 853
681 882
426 790
926 603
657 115
478 469
556 460
442 92
835 425
251 190
575 299
777 644
345 371
533 189
60 706
802 741
655 133
621 170
343 711
346 847
562 344
800 888
119 462
912 311
829 174
7 840
250 335
381 413
660 579
810 208
47 604
909 626
343 623
587 398
363 616
363 191
705 645
355 28
174 302
586 790
515 302
661 654
208 746
743 858
634 762
749 69
34 678
81 684
40 52
123 195
272 171
24 572
811 104
484 40
446 534
123 176
810 822
725 142
3 460
54 795
798 394
730 817
432 596
92 587
374 758
733 437
333 808
338 594
139 655
90 434
608 833
471 627
438 311
759 250
520 535
561 715
605 417
790 808
367 772
150 289
762 140
886 293
409 167
893 898
876 267
323 758
492 377
665 941
425 779
264 114
725 721
492 707
50 59
265 171
370 860
461 457
376 437
740 288
383 199
305 279
320 941
86 644
303 573
268 929
333 369
276 286
11 27
726 573
507 431
641 416
588 476
424 270
706 937
357 555
781 494
548 337
813 925
920 758
268 278
508 568
552 494
438 280
502 357
110 591
242 639
30 119
223 206
448 801
89 126
782 849
456 934
758 192
420 833
60 755
139 683
266 49
94 11
544 906
903 129
63 825
855 55
141 251
659 280
825 589
701 344
155 521
641 35
537 836
93 574
166 348
173 933
733 38
874 235
589 353
415 324
489 639
789 829
258 129
479 698
132 614
208 432
189 61
836 613
310 137
756 489
26 458
906 477
254 33
22 717
41 578
447 698
18 28
807 796
296 390
80 818
392 815
907 647
156 639
469 181
843 517
442 538
95 720
902 894
563 377
428 753
220 217
740 106
133 68
881 318
918 562
917 712
183 830
442 33
636 726
646 662
172 598
308 54
406 304
638 298
352 861
205 661
135 655
804 239
271 917
59 615
461 263
687 840
871 764
621 815
767 625
761 76
885 742
889 176
895 779
236 500
59 527
108 707
165 246
679 651
117 717
462 619
106 484
931 854
803 621
733 756
79 513
207 508
23 707
745 203
273 667
511 481
828 421
150 153
482 371
230 75
274 720
629 324
478 304
355 701
780 732
508 627
68 862
730 516
789 175
241 262
157 469
51 517
418 35
409 105
392 239
799 348
176 320
879 595
407 698
729 722
645 633
471 761
130 752
59 820
101 209
357 620
694 110
418 173
276 51
168 860
885 753
558 886
259 727
60 87
655 614
510 761
520 773
830 237
890 344
292 590
371 514
851 473
747 943
272 205
881 497
403 511
888 413
815 919
218 895
112 214
722 297
467 545
805 329
848 479
760 70
762 227
728 943
908 742
880 858
2 66
39 534
657 211
840 757
240 584
227 671
891 740
403 82
53 775
511 223
441 444
374 333
706 320
752 803
877 15
606 471
558 666
649 657
744 860
847 632
478 590
262 92
872 107
636 28
694 676
420 182
195 24
205 793
61 874
473 693
240 211
422 368
449 310
780 479
700 35
313 730
872 669
355 371
51 74
107 940
536 777
3 418
544 879
562 143
622 518
715 416
266 662
574 35
742 351
941 506
45 197
532 531
558 200
643 835
781 332
13 535
582 519
327 443
535 886
480 625
814 929
798 63
68 323
388 857
273 334
420 638
829 859
591 620
192 186
945 103
795 708
722 412
922 433
209 826
927 767
254 844
3 726
596 469
392 160
927 652
16 150
676 759
58 170
497 397
244 100
869 701
356 448
341 569
86 185
71 506
93 350
188 99
872 38
80 31
608 45
607 506
59 176
428 669
234 530
673 739
738 44
204 720
25 226
80 846
192 707
154 902
49 846
144 614
595 177
526 155
909 252
696 781
440 203
300 744
463 812
870 420
581 799
419 193
332 819
613 142
834 685
662 165
589 354
712 692
315 514
294 585
43 644
48 713
603 25
197 402
48 878
367 904
354 908
262 748
110 433
908 144
446 573
620 408
543 523
154 428
118 917
672 289
86 793
679 347
760 15
134 724
780 836
498 224
597 730
382 232
166 793
390 685
48 409
199 788
160 136
124 534
112 907
436 688
50 215
549 676
587 497
573 233
155 77
428 165
292 700
813 896
688 390
896 569
905 606
581 64
781 243
230 263
510 262
77 417
43 36
29 542
693 226
659 302
398 891
95 728
132 411
558 142
229 503
29 250
896 246
770 573
154 278
651 124
49 596
603 327
57 866
187 706
773 567
480 546
887 697
121 74
603 513
842 423
327 27
292 15
295 50
302 431
211 803
585 415
134 871
933 258
83 572
133 601
824 229
737 421
629 639
63 889
928 734
84 655
547 273
897 866
244 920
872 363
670 34
798 712
432 119
880 866
52 381
683 719
634 403
121 631
820 890
71 929
221 105
150 592
65 513
927 301
16 79
844 809
663 487
851 434
566 91
935 306
442 543
615 688
782 212
609 418
223 557
261 406
495 456
793 786
577 635
262 447
65 324
352 867
205 202
358 487
793 44
124 672
843 729
775 480
432 648
487 935
129 370
21 511
406 477
898 166
26 759
537 694
82 69
416 294
642 374
666 903
540 345
139 103
716 288
625 938
903 89
457 67
686 844
510 114
240 343
263 939
584 475
530 190
197 450
73 858
458 357
575 135
141 315
397 454
456 926
534 936
390 730
242 745
690 609
582 78
770 531
942 856
281 620
77 313
222 728
278 734
309 764
575 140
478 444
407 181
326 431
419 485
901 553
614 850
360 768
595 438
45 374
435 777
699 468
480 430
708 270
304 567
656 481
146 169
457 31
738 248
408 42
744 836
711 458
397 702
164 671
346 806
222 230
815 472
563 669
486 252
827 621
518 180
208 149
118 381
797 483
411 450
548 222
678 596
138 486
693 35
198 643
604 898
700 833
465 827
467 277
675 367
436 886
492 379
687 554
361 478
566 8
71 508
511 702
463 118
132 816
630 467
839 904
275 789
884 791
665 523
940 46
284 522
763 805
160 205
869 887
696 553
787 572
471 314
181 523
646 689
650 700
479 298
211 127
875 465
941 552
737 528
169 905
225 594
10 174
174 436
662 704
581 742
744 898
531 36
931 395
842 409
22 681
480 330
618 701
823 542
584 88
56 173
58 202
7 296
335 175
326 29
364 224
673 840
796 789
814 620
194 502
161 810
166 517
205 139
34 360
508 279
54 570
678 416
595 748
545 534
75 714
449 592
505 102
837 685
472 409
736 299
864 773
635 578
530 375
859 311
828 189
64 519
782 97
473 372
758 352
43 70
119 644
253 833
201 661
729 383
440 677
402 420
439 98
667 775
691 470
638 318
587 847
752 24
917 339
41 314
281 241
763 504
780 570
639 261
676 273
768 82
348 866
443 926
150 774
536 530
792 700
152 795
942 39
84 350
819 783
786 422
863 148
934 110
136 250
825 898
780 930
107 299
824 261
81 916
261 5
830 204
631 702
440 121
670 227
483 453
453 163
914 695
185 299
423 650
585 617
661 713
288 902
803 66
369 477
410 520
181 625
516 820
812 744
919 745
542 650
392 561
506 862
235 492
420 253
599 310
303 245
803 670
491 535
511 141
209 752
928 445
429 341
66 716
287 843
110 753
296 778
432 257
268 338
123 778
469 319
512 935
904 870
795 572
546 157
486 658
250 635
252 363
625 861
496 322
495 266
143 174
613 544
321 364
531 785
363 316
128 658
757 69
217 491
353 486
685 616
743 529
216 42
90 466
753 306
590 709
264 534
834 414
656 119
113 44
813 628
557 831
