1000 9879
285 81
656 587
255 839
181 96
797 438
800 646
121 955
217 820
812 725
216 508
247 1
786 843
678 837
97 219
479 434
835 426
450 852
291 712
255 667
790 754
97 553
151 844
597 236
465 543
946 404
892 440
341 430
851 664
587 394
291 601
403 583
455 747
938 707
748 478
118 931
339 818
250 219
350 342
978 551
616 584
616 466
165 803
439 388
810 552
745 669
714 76
914 634
628 650
149 799
867 550
705 391
338 168
619 57
839 564
970 805
790 986
538 33
225 250
797 820
524 76
541 807
608 805
127 759
883 365
637 678
805 983
180 985
879 729
538 963
560 791
813 187
232 488
655 680
185 284
173 210
788 271
863 821
718 200
24 500
243 232
167 340
929 439
250 992
253 415
290 395
328 810
917 222
778 180
210 434
656 536
648 664
727 650
688 137
102 639
181 68
788 220
898 876
704 931
559 129
694 770
223 366
441 720
240 494
574 967
762 623
215 523
971 233
349 364
497 354
744 829
261 527
674 536
740 265
463 930
815 313
52 779
396 710
662 580
268 372
187 548
369 953
546 568
448 8
839 212
827 756
973 782
153 997
359 435
607 217
274 543
739 337
153 918
300 547
178 630
191 934
353 653
128 724
1 602
623 931
862 425
206 397
335 43
118 681
546 822
512 842
349 411
794 56
334 369
909 857
845 603
477 375
443 203
797 792
542 948
908 407
215 423
685 195
249 633
175 865
676 794
346 421
552 264
491 724
42 954
777 677
704 451
153 323
980 624
250 917
513 227
38 646
185 850
681 821
702 745
810 276
742 158
306 818
146 543
272 750
55 749
996 285
747 709
15 259
738 150
24 238
281 705
781 968
266 279
988 977
379 226
550 872
536 73
703 999
560 383
561 522
124 150
416 880
423 828
29 133
503 242
531 959
604 543
856 708
721 781
311 684
294 954
960 674
85 15
753 860
14 5
146 133
554 6
647 787
464 992
50 361
753 942
679 386
956 773
444 81
264 471
191 715
468 95
933 51
883 888
295 990
939 750
419 583
729 990
763 482
984 501
913 975
416 609
593 910
88 345
842 78
787 707
735 665
225 64
88 660
780 392
283 608
234 481
291 173
79 10
249 827
215 474
878 564
852 377
713 213
489 271
827 77
559 626
163 586
628 23
242 758
651 232
500 642
708 495
102 842
565 610
432 162
517 655
242 841
635 738
375 935
336 413
104 905
690 944
205 768
567 346
682 992
405 239
802 457
307 605
521 311
761 922
695 679
890 609
247 60
636 111
697 455
256 523
389 865
49 784
129 991
13 949
969 967
493 813
114 674
556 525
429 709
142 218
659 144
908 565
748 180
630 373
289 254
238 754
563 249
50 412
657 140
813 513
210 726
482 787
782 772
110 967
737 815
277 452
683 705
482 898
926 947
749 576
643 111
511 285
404 569
900 582
334 318
631 572
249 870
519 549
44 375
379 768
675 303
568 861
77 870
260 664
153 25
695 33
37 695
811 75
873 507
590 952
742 331
426 469
393 740
16 525
239 59
276 55
224 736
704 698
873 21
507 371
676 560
220 660
519 170
902 54
426 247
137 376
266 348
855 114
399 216
258 361
593 39
955 600
371 657
360 158
949 106
627 320
310 572
464 364
686 843
821 249
551 123
455 166
385 772
596 864
674 898
803 890
807 930
131 389
648 825
441 541
688 554
655 94
696 37
551 345
574 899
22 617
994 278
647 970
448 446
782 87
397 459
352 602
460 557
445 479
139 668
30 875
934 781
890 77
391 121
64 253
338 500
834 401
943 49
494 999
305 248
135 633
528 731
548 140
31 952
213 581
74 157
40 5
520 783
315 157
373 143
266 587
897 699
53 989
827 806
573 278
866 768
505 971
328 367
145 591
111 620
349 295
900 969
770 713
776 759
600 283
678 966
379 812
853 772
414 381
166 950
408 182
392 795
963 452
524 534
693 755
819 936
825 555
272 485
404 162
779 502
928 812
391 996
364 61
802 845
34 163
453 571
336 327
7 148
293 119
72 449
97 606
756 299
719 673
246 841
926 362
923 932
551 936
423 756
884 407
844 268
315 916
214 154
570 162
73 842
113 789
389 118
262 780
856 971
765 261
899 697
170 103
725 759
467 731
322 170
488 350
289 275
114 264
367 590
530 278
777 352
99 53
270 660
952 171
312 714
187 950
87 701
71 216
972 357
95 214
667 497
64 170
905 420
643 231
655 336
326 46
18 887
184 627
353 140
316 112
227 695
653 911
565 99
695 202
993 348
352 324
709 648
863 236
434 854
54 599
914 460
165 710
153 774
494 298
67 968
712 563
74 457
272 148
2 37
386 132
597 692
780 116
748 320
966 267
568 934
277 222
261 697
614 281
858 743
145 964
168 902
634 538
693 727
729 774
237 699
438 498
21 74
650 698
334 608
551 622
681 820
721 775
59 34
561 222
462 707
272 751
636 282
220 685
292 738
684 28
9 492
918 760
472 658
508 80
972 743
719 554
88 138
281 704
637 141
953 54
846 939
578 733
426 94
483 131
263 577
431 675
949 418
184 100
536 249
133 85
887 250
355 989
341 146
227 23
473 699
881 22
189 207
981 83
412 466
392 256
632 943
890 159
156 815
206 957
917 812
996 95
687 918
729 132
303 921
969 661
363 130
296 73
792 846
170 558
923 228
355 486
13 84
70 15
914 417
973 898
860 700
245 27
126 310
583 468
805 810
75 709
839 700
888 368
742 383
644 645
250 613
239 467
538 102
742 462
101 478
283 576
174 362
547 204
698 864
480 337
836 150
920 329
354 925
611 529
353 566
542 960
263 225
141 773
589 347
347 16
24 45
461 40
445 675
346 216
93 27
542 226
512 433
657 595
632 655
42 320
685 746
155 611
792 379
949 21
242 187
247 14
449 499
659 829
572 317
446 384
52 63
362 90
790 869
661 611
630 612
632 749
441 748
504 652
86 234
749 106
491 626
825 362
578 503
865 843
422 232
388 424
925 735
288 268
17 450
1 965
682 436
459 885
423 662
262 305
891 854
801 578
827 718
790 566
460 665
706 321
472 375
455 662
974 166
852 218
250 308
606 73
74 102
629 488
460 895
433 205
791 633
476 165
361 355
845 657
240 544
921 193
30 932
916 544
965 8
141 502
477 446
150 268
888 507
462 18
874 793
927 76
286 348
841 907
988 46
667 515
997 776
907 16
46 700
487 602
2 702
591 352
208 407
46 707
229 495
361 191
842 694
147 468
954 972
422 622
519 20
777 589
45 397
474 105
223 598
924 539
581 636
86 842
215 914
204 385
908 366
146 317
781 783
963 948
621 720
422 475
243 586
491 477
816 658
668 990
267 714
566 482
590 484
207 768
578 436
462 795
764 431
15 137
716 10
184 139
256 744
279 71
481 607
777 410
62 236
946 515
138 708
602 417
855 945
677 433
881 222
496 60
904 19
905 318
86 453
835 573
857 21
38 452
758 343
430 370
86 464
749 368
539 222
923 63
620 483
503 761
896 929
416 571
435 329
59 437
577 432
575 901
361 573
107 65
226 305
913 807
680 54
332 768
508 15
478 587
494 787
780 81
726 661
605 228
430 470
239 410
573 390
426 773
832 768
337 486
489 163
14 273
279 983
185 602
628 426
59 113
206 192
59 767
818 510
660 493
932 330
498 258
577 877
559 565
582 510
479 574
335 570
984 776
901 679
224 653
498 484
65 655
561 770
19 672
492 714
612 683
370 42
354 679
405 537
372 684
91 142
727 106
855 17
802 415
313 186
540 527
433 909
87 376
789 756
649 385
741 235
816 702
951 737
527 416
691 146
323 414
570 901
76 126
123 980
834 14
527 465
199 128
626 879
235 692
219 271
717 596
539 412
812 872
887 420
464 518
84 311
199 934
700 649
592 258
199 502
117 297
405 296
247 954
680 869
199 823
990 70
645 425
848 555
942 293
445 961
835 823
749 741
74 47
311 270
495 733
593 889
117 75
83 471
374 682
51 626
714 31
145 264
149 704
480 249
517 786
64 504
746 652
712 564
415 397
474 971
2 34
463 401
644 516
794 837
334 486
906 559
597 548
103 287
658 744
861 495
756 251
828 728
704 342
615 128
525 664
965 337
515 414
93 694
282 686
81 854
119 159
113 581
446 501
996 392
979 698
284 540
716 575
292 739
902 108
500 590
147 381
403 231
519 237
834 705
318 502
216 664
398 302
751 900
989 783
544 598
228 455
412 158
789 617
843 738
221 778
259 629
96 689
856 599
910 308
217 995
414 583
751 858
51 305
688 612
191 435
911 95
843 960
458 302
574 112
274 483
575 281
668 237
83 951
467 468
854 192
17 485
114 527
705 912
678 109
408 789
83 661
988 324
29 287
13 194
107 235
217 351
71 332
398 900
370 923
424 31
168 659
532 785
754 673
574 396
80 816
10 811
139 389
260 8
336 132
172 618
862 395
310 114
596 51
814 238
887 972
982 800
185 688
832 985
250 610
913 632
970 542
88 783
348 59
542 551
887 786
897 908
93 873
828 764
211 738
361 49
626 767
8 772
500 652
585 354
141 772
552 629
2 586
601 677
138 237
323 171
452 461
214 212
238 90
275 460
872 496
545 318
788 150
539 792
596 991
246 592
543 620
158 394
403 481
761 777
668 467
561 645
66 125
892 177
658 281
768 505
330 678
609 346
155 305
194 473
147 519
235 751
109 202
190 789
999 737
48 830
277 895
134 844
908 567
318 662
710 495
894 256
201 653
18 813
847 514
577 58
795 111
767 379
514 525
6 133
681 4
990 30
433 470
814 296
597 920
307 513
874 639
467 191
362 299
128 751
257 909
231 63
268 11
325 54
784 645
588 636
496 556
723 223
463 472
123 783
141 356
202 658
538 200
478 767
337 505
675 465
489 198
128 956
805 606
954 376
516 519
976 720
210 24
194 693
470 558
718 320
189 910
230 711
979 788
428 246
664 828
2 703
812 140
499 187
599 692
175 904
966 909
271 713
171 429
7 195
621 941
752 932
713 418
682 123
529 87
536 485
777 989
191 55
194 889
985 610
59 493
551 791
437 403
664 73
96 539
8 749
150 824
320 655
601 562
48 670
621 719
877 869
939 78
725 721
545 75
69 925
181 783
169 975
453 82
63 303
891 166
198 578
694 583
199 159
378 206
415 967
877 24
539 839
848 802
109 23
890 357
265 734
213 240
342 988
952 768
204 981
354 38
736 818
662 558
207 327
505 35
303 848
967 329
625 306
348 703
810 388
957 467
795 504
637 895
505 396
435 505
643 60
580 641
616 730
709 291
214 899
50 224
678 486
269 667
990 423
836 607
980 377
913 576
400 669
956 482
741 628
417 446
441 304
499 230
686 318
267 220
487 633
988 930
862 927
258 506
263 296
160 759
486 435
642 979
295 155
371 849
924 713
45 496
930 86
366 687
169 760
461 320
764 895
410 910
431 536
472 862
878 98
333 663
282 121
889 854
787 14
83 813
454 356
308 410
381 892
274 86
147 796
864 511
665 863
768 571
826 811
401 89
248 714
299 582
66 839
178 781
740 667
279 9
84 167
506 241
89 271
532 655
183 685
316 114
390 777
955 953
140 288
35 458
87 925
473 537
936 415
754 698
442 456
1 607
438 948
809 288
495 165
932 296
117 749
183 992
331 693
280 641
616 837
211 491
399 696
805 901
202 682
684 730
97 464
192 460
980 413
553 722
987 395
384 286
439 824
81 500
361 84
127 613
538 802
405 233
281 315
210 371
26 626
663 638
121 677
379 409
135 78
586 633
366 129
846 143
974 45
427 15
724 751
323 206
849 116
772 905
869 584
24 241
318 503
525 859
622 289
209 803
259 999
116 654
780 990
411 672
768 367
772 687
935 205
976 2
703 113
341 144
695 237
281 913
691 646
32 25
507 889
26 555
455 290
853 166
516 992
251 380
144 594
648 66
407 235
613 292
621 219
948 317
132 672
937 36
847 553
101 906
575 766
40 244
248 597
66 986
676 391
762 338
145 457
974 676
888 549
154 425
710 162
571 552
532 786
19 705
957 283
250 385
680 96
728 876
452 852
144 429
140 953
650 676
550 628
992 144
786 289
334 451
542 548
945 46
267 6
340 592
641 277
733 135
813 111
673 676
709 174
197 986
200 114
444 954
138 253
154 527
393 717
859 846
833 815
858 718
121 833
816 958
258 912
997 69
946 985
214 337
485 301
591 605
890 650
946 936
48 755
893 261
159 705
91 823
788 151
833 506
150 908
834 853
918 662
53 863
497 461
575 94
133 183
134 400
622 31
280 3
259 737
939 259
669 950
374 164
947 780
964 726
786 242
271 334
330 822
57 982
350 205
359 36
528 837
356 614
428 923
970 486
698 670
654 52
433 400
326 485
899 847
848 613
358 900
822 837
895 817
993 297
447 768
835 782
913 936
623 887
224 345
94 622
706 609
46 6
49 290
838 98
328 487
970 954
956 249
406 158
279 388
748 642
842 240
366 658
771 820
993 100
44 370
802 578
253 804
797 43
220 83
21 174
278 611
278 823
392 866
949 514
75 360
771 978
385 179
868 598
102 922
694 254
287 828
829 607
257 505
281 499
335 544
170 76
766 220
215 78
860 129
328 818
834 612
997 1000
360 483
323 249
470 888
111 126
573 917
298 825
246 915
472 588
152 339
76 374
829 912
906 139
673 140
621 718
696 859
933 594
111 348
117 799
722 595
428 714
68 609
159 842
521 109
942 851
468 734
160 7
324 794
237 487
627 611
21 806
230 880
139 219
514 861
769 955
476 809
558 658
80 445
777 489
24 569
322 406
985 78
71 241
816 549
147 737
481 319
706 304
75 835
866 74
60 245
5 532
652 465
696 501
539 480
867 332
616 588
637 894
588 57
73 247
460 925
745 709
652 311
598 607
505 380
822 579
933 298
311 202
301 48
488 713
434 659
379 687
610 280
794 83
709 68
461 827
615 158
225 438
739 179
565 359
45 205
926 366
977 438
82 706
627 173
909 757
698 120
55 645
383 776
974 485
445 745
257 408
983 105
750 332
699 926
224 638
157 70
285 49
369 480
464 444
892 20
217 788
520 93
347 489
377 467
858 23
683 160
298 206
996 32
599 268
53 344
666 885
506 28
182 979
860 975
863 781
153 719
283 92
604 229
108 463
718 944
791 828
630 332
758 433
247 948
554 832
729 222
165 882
974 760
564 686
758 83
830 636
527 516
931 77
628 635
98 294
488 662
784 995
65 337
295 741
22 39
261 789
188 795
485 206
546 532
295 972
116 164
188 633
194 762
432 43
675 121
736 121
993 910
300 498
564 807
655 648
196 163
954 19
964 168
17 893
876 844
608 146
440 260
976 854
885 682
584 411
128 417
994 806
197 640
998 586
927 602
716 287
875 177
661 362
609 937
99 743
693 57
53 154
610 745
800 542
96 691
243 516
504 131
834 993
773 605
322 141
308 456
825 226
195 412
807 918
942 907
252 701
113 225
331 54
5 313
339 547
178 863
17 475
970 451
878 712
365 267
517 414
188 260
852 995
221 716
796 250
479 786
730 977
740 842
614 764
940 270
840 649
487 30
87 928
404 690
844 89
634 121
780 309
73 143
240 680
226 503
870 948
634 510
849 687
58 684
266 913
50 824
414 297
918 137
520 552
138 343
727 635
345 809
148 268
439 799
811 87
462 420
492 310
530 298
426 509
262 143
32 416
379 567
585 352
622 510
916 248
746 553
280 90
872 724
49 506
68 985
34 89
792 53
348 117
262 937
344 352
428 449
90 160
658 596
439 707
713 742
668 270
539 794
575 200
724 776
17 532
402 966
241 118
367 530
100 191
698 898
393 281
677 521
551 32
938 39
407 497
517 212
492 208
458 320
522 649
769 880
644 100
352 946
204 947
215 418
285 686
514 664
204 514
912 451
680 307
498 527
370 957
505 540
5 576
924 215
892 853
386 216
541 132
211 53
28 645
158 620
434 748
165 620
943 605
124 961
984 610
162 738
839 732
418 856
606 761
295 514
676 975
590 781
21 30
831 557
903 208
673 583
926 371
585 435
914 983
612 604
354 956
922 506
651 8
690 622
932 567
893 507
284 582
211 990
163 579
55 721
171 60
232 62
506 581
859 769
417 278
358 957
363 741
295 629
237 196
717 250
539 742
775 478
302 640
734 903
19 94
789 590
711 365
397 741
180 203
203 90
691 705
644 201
627 531
131 278
304 834
450 704
550 23
596 433
762 921
368 168
933 102
276 33
369 609
501 36
710 344
344 865
753 763
637 893
412 938
163 372
594 592
33 832
255 398
272 172
456 345
109 641
738 339
222 928
508 533
269 721
301 693
241 950
72 262
25 405
439 585
465 302
407 583
84 688
888 537
380 607
275 989
132 946
956 508
306 553
456 134
662 330
101 356
929 473
512 687
768 857
972 537
609 305
721 799
278 562
819 842
115 677
716 534
613 362
449 684
266 493
820 981
898 758
630 999
646 120
468 226
996 245
690 884
198 883
933 740
589 66
316 746
833 560
264 789
962 340
440 174
934 278
332 124
356 330
798 865
346 800
455 134
947 726
161 733
809 729
493 864
648 217
422 164
173 371
648 55
57 109
795 184
45 569
946 260
86 499
71 357
454 119
202 20
973 777
634 243
27 963
89 702
99 742
952 636
202 103
671 571
139 410
122 318
549 219
456 742
721 137
207 123
395 837
179 986
111 543
93 96
165 595
150 233
448 969
125 335
896 605
325 413
519 661
866 793
387 630
223 262
908 121
638 151
548 123
589 593
970 725
438 71
409 835
466 884
286 155
308 62
942 98
59 206
115 103
703 558
405 247
266 175
964 26
432 187
931 339
385 363
573 762
133 669
870 420
134 426
493 367
55 744
495 481
100 471
962 406
799 282
546 217
712 209
911 467
38 613
8 728
925 179
94 668
366 481
722 393
281 885
375 109
371 282
358 837
158 763
294 221
687 606
544 728
587 666
701 398
367 622
649 51
78 759
905 153
207 709
415 776
423 904
493 836
435 119
53 556
716 220
682 476
813 886
681 345
106 650
382 599
398 792
202 185
402 423
4 375
98 118
502 220
731 982
482 776
763 505
212 97
692 939
326 619
787 601
992 965
669 102
921 376
116 372
723 196
943 971
214 969
275 823
816 497
724 218
619 4
803 205
608 883
291 33
239 479
811 694
629 163
832 843
284 814
999 497
604 487
917 462
186 184
337 188
690 760
401 927
647 234
266 67
802 881
751 342
292 691
21 475
190 482
707 788
599 770
55 716
42 701
233 814
287 521
251 456
228 956
266 308
734 793
661 397
25 683
267 674
752 744
380 297
760 931
720 86
422 2
579 157
302 724
711 392
824 667
17 676
209 608
321 46
785 244
969 970
808 584
827 678
973 542
976 270
139 998
19 400
957 234
5 685
189 64
563 335
196 876
154 280
190 634
217 440
532 833
452 366
630 36
978 573
995 873
743 511
47 51
122 263
948 561
210 866
466 504
818 101
718 65
335 115
770 192
507 566
853 417
391 328
267 326
188 78
73 59
864 282
343 806
554 714
974 979
885 188
44 364
796 643
304 193
938 510
418 857
917 369
387 590
262 334
135 212
581 36
600 800
358 487
586 842
163 151
326 577
681 598
242 644
354 970
654 771
641 480
681 999
775 21
888 221
361 679
305 459
474 450
497 931
284 583
305 301
937 891
77 56
573 915
963 43
102 592
416 294
955 607
830 345
631 821
225 894
526 630
564 429
15 503
364 699
988 541
510 841
518 490
632 559
744 41
428 708
468 617
476 908
8 462
282 757
74 627
544 383
213 12
530 190
514 859
491 358
420 938
151 509
60 401
278 472
485 888
456 926
380 164
739 93
960 286
744 741
766 870
714 773
155 438
682 295
222 244
153 531
944 770
545 613
875 282
303 861
71 273
681 101
956 953
666 445
637 892
788 866
844 614
168 223
625 449
656 180
250 455
561 575
515 123
434 812
49 477
271 121
396 326
749 944
442 132
491 593
756 227
137 963
120 133
319 431
339 485
983 916
508 500
181 394
59 546
81 878
651 166
461 896
620 577
508 363
493 505
864 243
948 856
647 50
992 517
529 663
231 563
113 558
77 75
745 33
229 144
451 484
492 710
664 57
96 587
902 23
337 113
226 682
124 25
474 248
422 360
705 588
389 113
906 173
159 667
511 600
592 954
739 957
818 380
237 56
735 457
526 876
394 763
568 162
487 363
623 388
971 239
682 86
479 412
235 68
817 937
602 385
201 616
643 577
430 947
759 245
9 657
728 343
784 537
730 493
810 66
577 118
705 57
762 954
320 217
268 281
611 179
630 253
353 135
209 987
70 36
918 278
614 673
357 843
665 800
585 957
326 205
451 266
743 148
266 616
747 81
14 905
292 811
884 909
900 938
261 676
244 108
465 265
817 255
591 6
663 661
701 578
980 546
854 860
799 53
719 866
189 947
214 622
34 192
572 576
115 23
436 512
228 798
57 402
901 647
319 54
160 901
131 348
589 148
536 32
167 66
190 289
671 5
981 538
673 217
621 515
760 557
212 119
411 677
907 536
492 456
534 857
42 395
705 90
882 979
837 264
60 635
812 554
325 926
814 722
847 594
293 491
174 775
83 955
854 196
655 413
571 990
517 412
593 558
339 658
212 396
737 428
674 681
350 502
562 401
330 66
725 887
761 286
300 622
322 766
714 172
754 733
558 789
663 955
46 233
328 462
291 194
735 647
442 346
6 683
408 422
170 845
889 51
770 108
283 413
603 922
728 451
116 993
595 110
637 759
914 862
97 354
799 41
987 281
91 332
954 66
78 122
978 188
949 973
197 616
301 310
348 452
357 402
160 562
163 937
882 307
228 611
119 440
197 650
3 961
134 373
835 8
671 406
768 223
305 854
859 187
539 653
385 818
523 500
507 169
824 85
454 305
256 181
756 812
598 27
925 151
352 279
598 138
843 113
517 496
647 877
202 218
131 218
386 234
616 452
88 29
217 447
754 622
667 45
585 996
822 971
914 510
968 971
980 879
494 727
376 391
729 389
937 379
832 906
135 817
250 531
107 390
509 294
127 843
438 226
420 297
616 896
267 470
567 835
663 364
816 365
442 295
357 835
17 523
469 866
314 22
933 525
410 613
879 307
201 440
348 313
719 858
133 579
595 872
723 287
410 660
76 50
106 359
570 438
988 841
312 410
719 715
480 592
686 512
180 657
547 330
592 689
630 921
738 979
759 575
817 448
360 117
289 47
918 194
699 996
958 787
392 304
656 977
110 48
147 38
848 105
385 749
878 53
19 96
699 706
833 372
246 291
359 960
802 619
661 642
296 458
815 445
982 454
674 527
950 864
758 313
448 436
322 405
730 278
236 51
517 468
554 430
826 715
429 948
389 876
469 467
326 452
934 775
826 916
800 973
463 245
696 504
520 166
922 838
706 101
457 993
89 58
892 772
329 66
23 194
761 71
687 171
874 494
140 30
434 831
384 488
40 410
594 993
26 85
357 901
547 429
453 370
52 919
790 19
928 462
172 286
942 206
11 920
28 794
914 791
831 754
888 28
980 500
528 157
628 38
479 660
506 786
430 636
362 862
634 287
376 80
153 281
797 704
689 511
410 744
968 178
452 355
716 528
441 22
777 620
631 763
155 768
667 297
110 242
350 701
993 690
690 882
631 453
243 444
225 921
778 401
872 460
191 164
153 646
622 248
859 198
381 534
330 536
320 542
411 841
583 759
716 468
999 627
263 889
368 441
556 572
420 847
815 337
514 828
829 373
958 331
193 211
757 979
533 650
619 990
100 550
142 263
40 201
279 654
683 609
325 232
472 308
2 285
511 253
187 283
278 182
545 753
775 523
993 591
979 148
871 418
528 332
804 489
988 350
880 895
688 59
746 792
529 822
295 631
831 641
832 865
233 244
753 734
144 355
168 617
480 331
307 353
388 713
775 975
618 112
30 130
893 938
18 660
533 233
479 537
371 896
579 359
7 246
198 947
660 236
842 715
94 864
845 152
94 278
854 686
730 872
161 179
180 329
662 690
293 598
480 981
33 416
357 351
855 48
489 623
751 899
352 363
721 180
912 911
837 854
844 182
886 537
48 553
713 809
817 525
564 132
929 769
839 258
87 633
808 622
57 958
976 292
356 590
817 980
274 457
496 121
683 943
823 505
206 384
670 699
531 275
697 767
661 924
956 796
847 843
579 48
619 954
326 12
74 509
151 83
302 229
982 603
307 337
457 92
282 17
305 912
982 970
509 400
862 396
338 578
116 374
762 288
624 288
954 462
594 937
261 886
617 600
27 636
619 6
547 357
348 48
756 181
314 896
671 972
747 346
983 658
272 404
936 955
991 863
559 635
127 517
241 606
556 275
828 616
245 970
76 616
96 278
209 9
673 864
176 350
12 556
548 462
570 2
555 474
459 449
349 813
685 851
392 390
731 61
489 698
860 479
988 644
755 179
233 701
713 747
255 824
313 405
935 28
350 516
702 377
26 966
560 274
797 91
693 26
15 2
178 528
153 86
313 358
227 168
869 377
375 480
161 298
886 916
399 754
485 753
1 942
365 347
256 689
539 426
406 743
338 745
296 269
481 279
632 977
895 452
155 82
528 968
406 512
127 310
921 655
593 922
631 870
941 11
743 616
735 964
968 764
961 783
106 910
412 577
362 276
608 580
379 756
295 840
139 420
925 797
909 184
857 767
18 603
992 850
336 790
499 322
409 110
687 263
429 19
603 840
748 375
56 443
373 470
14 46
331 974
996 664
467 476
432 103
953 587
639 594
771 982
929 759
443 470
327 908
167 807
78 198
814 570
121 814
949 849
876 919
509 730
817 169
774 100
243 306
817 455
731 25
694 911
971 51
60 879
595 566
816 181
433 923
824 276
146 256
897 472
493 87
635 850
712 836
754 124
762 595
320 418
262 581
764 421
199 154
551 449
142 375
873 399
702 119
939 355
246 339
66 205
944 858
61 966
338 585
674 639
469 353
236 44
950 784
165 120
972 947
305 621
165 969
580 1000
69 365
44 669
226 344
680 868
467 94
732 594
571 596
814 184
136 575
366 707
476 135
182 428
748 347
537 326
719 106
701 715
617 528
514 46
399 720
166 472
663 371
784 296
362 972
309 707
383 982
831 578
428 215
108 856
488 890
361 12
290 16
552 675
239 247
21 416
958 579
746 348
732 436
349 996
483 398
929 312
307 764
509 766
113 701
114 206
901 306
243 270
230 640
673 819
1000 831
823 525
699 515
613 73
614 115
358 860
470 122
40 767
256 428
954 703
761 859
388 185
797 3
263 747
912 819
158 455
414 621
255 577
971 272
682 197
303 731
616 65
228 271
673 398
565 136
696 89
439 396
915 441
610 547
576 767
955 968
108 436
606 463
588 110
327 218
844 448
794 979
27 166
433 169
942 477
92 960
180 457
938 796
429 246
32 847
877 281
236 423
273 439
735 911
614 724
260 951
726 710
987 962
566 959
952 639
240 817
563 503
321 592
710 202
948 747
457 48
858 972
378 530
350 994
675 287
235 276
755 749
844 874
495 814
41 595
690 320
805 529
70 294
922 287
944 507
254 786
216 425
600 540
177 381
771 703
846 97
677 57
300 381
671 158
16 588
716 565
661 148
511 565
959 246
146 678
812 375
48 716
584 494
267 554
492 364
768 245
219 277
510 820
65 911
526 556
748 644
768 356
346 912
844 183
402 990
510 903
453 311
892 171
530 16
584 603
930 571
388 435
283 143
946 453
449 187
639 592
195 971
587 509
12 349
621 457
388 322
191 671
529 324
37 101
136 266
528 636
433 504
938 643
135 553
134 900
619 842
856 8
677 38
114 663
836 853
779 538
815 657
357 762
16 462
883 670
241 706
316 369
10 676
89 22
554 725
884 892
689 890
659 926
325 382
296 652
284 809
637 757
110 623
326 600
259 364
971 925
776 773
983 862
853 807
90 539
987 283
492 987
54 118
638 7
867 981
730 555
3 261
586 567
94 946
704 598
110 312
459 448
363 588
216 715
986 499
90 172
43 30
195 363
826 459
938 257
631 396
220 321
962 155
51 424
667 768
472 915
753 262
627 285
890 617
34 537
238 809
701 431
618 971
677 390
145 253
421 88
396 916
792 770
190 633
212 17
443 706
179 200
19 627
594 729
207 286
411 493
362 277
272 53
300 355
933 416
996 980
170 924
597 787
705 434
359 209
362 55
453 724
935 776
383 735
679 994
774 654
153 112
796 670
67 534
30 81
561 428
301 233
908 343
875 780
859 643
550 996
846 447
116 152
758 603
518 895
400 212
836 241
522 236
949 958
841 797
200 147
955 261
216 905
837 745
710 617
569 651
920 85
618 472
271 836
241 347
261 190
299 7
533 258
592 834
648 628
744 730
7 991
526 629
394 480
68 735
164 798
369 72
973 477
273 605
333 638
282 752
584 516
643 729
75 931
29 502
770 716
678 973
188 345
83 629
670 609
819 169
639 616
105 769
142 190
473 869
424 447
5 654
942 673
669 695
636 974
729 84
930 837
143 213
409 446
156 669
529 413
107 169
133 964
400 215
276 12
939 814
706 559
657 497
588 527
23 220
406 204
689 928
487 435
333 711
571 452
655 835
481 198
54 893
888 320
889 233
338 161
304 273
231 942
801 931
452 937
240 579
495 605
172 280
624 473
585 216
371 136
937 618
172 431
104 525
590 877
189 940
633 462
229 443
410 583
713 358
254 838
38 659
720 582
955 289
706 185
940 59
244 344
651 40
64 974
582 512
72 457
552 563
38 738
355 634
962 398
420 647
507 279
641 227
347 206
276 834
519 134
833 667
102 628
750 448
200 508
309 134
575 191
137 493
554 358
4 859
967 854
34 750
551 23
75 294
332 463
8 493
852 758
9 948
760 156
199 121
188 705
78 782
796 461
563 490
855 594
554 43
784 540
359 708
930 758
422 79
58 849
347 936
190 678
321 821
2 360
863 197
601 873
905 573
984 482
349 240
500 332
981 507
451 640
870 95
452 751
70 170
509 394
29 597
554 623
641 497
176 665
31 789
605 336
879 945
662 921
754 918
614 390
651 392
325 409
491 929
771 883
776 667
686 130
109 157
245 579
637 321
193 936
33 563
646 687
993 897
558 299
580 167
110 453
16 574
842 614
609 337
497 927
794 709
210 508
660 238
295 181
337 903
926 105
565 823
958 381
413 475
821 462
226 520
812 397
488 275
775 34
458 631
313 328
498 884
816 593
463 876
378 302
895 711
734 579
42 25
668 373
449 9
643 455
934 16
386 538
156 944
657 893
511 812
31 693
142 374
153 607
700 329
230 543
961 184
913 53
908 872
912 363
549 106
878 926
585 862
733 334
553 248
332 776
911 734
667 864
406 244
525 66
311 9
651 436
944 698
326 974
577 597
637 756
103 312
953 557
830 906
97 359
559 517
29 538
785 32
15 987
932 649
408 101
500 651
873 407
690 583
826 7
718 9
186 422
461 32
392 569
394 235
33 313
306 975
717 64
95 700
272 993
238 204
167 240
621 15
493 2
649 450
554 449
62 248
47 780
268 623
160 96
932 778
934 60
779 568
799 886
677 278
127 419
881 187
644 97
999 623
309 228
221 299
406 455
504 993
363 102
819 411
823 419
182 553
109 519
645 635
6 763
334 660
430 171
630 685
438 886
386 213
362 52
913 716
989 121
719 144
278 862
869 263
107 264
662 48
385 4
495 865
6 948
906 750
21 25
850 67
962 649
768 882
492 824
949 415
353 618
163 444
36 90
470 771
493 418
227 180
123 826
30 107
396 372
695 335
955 482
3 913
775 311
320 791
998 388
631 269
893 737
682 973
935 429
424 981
765 376
661 429
131 737
778 331
467 710
838 843
566 506
470 463
346 841
722 732
9 927
154 770
821 216
754 205
848 138
66 160
8 65
743 859
744 971
999 685
394 850
329 523
216 333
191 577
14 458
825 511
368 126
496 387
159 953
131 555
251 427
307 493
515 816
75 889
555 850
904 889
192 657
65 291
874 715
47 503
359 385
469 577
307 282
543 214
934 917
439 361
409 657
619 789
767 405
400 103
41 859
206 447
390 582
412 982
804 496
127 923
666 497
595 461
79 36
407 749
798 512
914 643
693 704
75 645
426 781
941 218
379 807
932 483
883 375
4 32
444 709
380 715
738 545
333 251
315 336
339 723
171 369
615 378
267 802
931 267
516 919
168 829
280 151
651 952
546 206
893 229
890 132
592 656
440 477
974 286
958 931
462 562
104 970
177 898
87 131
954 714
612 290
261 34
246 608
137 492
394 389
413 359
678 701
881 263
403 433
795 627
962 192
657 630
289 298
734 612
243 735
228 265
800 922
270 50
218 483
476 771
791 596
422 217
795 913
134 749
838 593
605 890
330 840
334 784
43 549
743 716
122 246
770 576
130 675
477 792
524 599
657 178
109 982
553 481
679 609
652 499
293 159
566 957
920 221
165 892
153 924
210 663
27 887
174 10
676 328
843 489
610 468
757 99
304 431
403 982
46 435
983 598
888 524
624 375
897 783
664 558
681 752
572 356
22 424
799 160
68 190
361 460
90 658
469 921
628 406
963 427
766 60
642 630
716 849
951 154
862 979
737 710
685 74
45 299
963 312
837 287
875 612
714 136
632 175
81 223
120 387
232 349
983 154
812 426
767 547
738 807
318 295
91 179
73 924
220 597
684 164
168 950
428 618
820 868
922 861
803 590
733 657
55 901
424 941
612 454
460 91
529 398
56 184
811 143
77 734
725 658
285 817
153 835
424 296
649 54
869 413
449 8
82 382
584 605
731 670
768 388
471 923
882 862
520 293
976 295
890 309
122 155
104 482
303 66
584 940
108 410
847 897
256 265
939 570
479 269
451 944
89 451
108 41
501 118
49 605
433 510
666 740
188 96
596 357
466 382
696 435
165 784
495 761
739 375
524 857
550 653
933 283
662 971
176 646
28 703
111 357
235 357
932 69
789 444
420 305
847 106
617 605
762 414
432 495
287 35
549 476
443 61
55 7
900 906
6 969
262 359
430 985
475 176
847 136
54 700
339 417
488 805
36 455
185 779
263 216
980 670
488 180
347 107
150 714
264 613
814 541
461 662
198 914
567 319
534 684
868 878
502 548
806 556
349 859
82 566
507 685
623 117
881 382
128 306
556 850
575 246
942 858
560 277
446 62
198 609
663 536
57 253
789 564
804 132
702 207
5 101
578 425
27 469
544 761
174 302
394 556
94 415
856 682
194 465
303 241
958 439
687 863
744 895
969 606
622 768
806 123
43 852
169 6
499 779
118 264
762 911
283 26
179 337
819 252
416 697
588 775
371 907
735 944
227 361
122 401
303 836
783 462
844 744
530 350
796 843
549 706
468 244
141 186
132 919
608 583
594 614
814 163
541 697
619 185
675 763
205 600
6 651
813 281
226 405
11 739
645 191
879 1000
374 252
205 553
866 741
79 240
338 74
429 417
90 731
148 447
611 651
278 718
907 186
466 166
607 735
408 211
172 84
304 36
767 901
136 380
281 500
764 909
882 448
756 473
663 959
869 198
172 890
410 771
413 96
343 227
897 307
275 387
354 664
686 631
247 327
458 212
415 604
696 755
180 268
128 367
868 913
911 135
414 997
310 522
281 816
726 130
952 443
937 425
275 206
646 323
887 181
318 144
624 595
752 408
863 444
296 462
58 202
485 786
518 524
557 958
691 372
903 790
14 459
426 406
826 801
791 785
55 337
136 373
853 456
856 420
782 972
970 148
610 239
4 308
544 193
853 441
412 561
144 191
17 199
236 461
40 96
193 390
891 619
519 905
991 732
650 840
259 113
10 747
118 856
836 531
875 63
88 283
329 271
269 890
693 807
838 208
162 657
895 385
100 669
731 892
645 880
91 101
68 234
239 131
332 551
637 300
766 543
328 533
366 770
737 382
38 577
899 33
932 593
720 471
628 192
538 744
833 744
650 494
501 906
121 770
339 923
474 45
533 435
114 205
186 718
974 287
542 35
621 538
793 631
220 993
207 969
759 652
595 727
715 354
820 816
553 923
475 725
795 626
468 650
877 978
720 19
938 86
441 726
429 173
115 280
782 287
588 26
627 580
415 931
186 687
631 5
152 829
815 194
49 935
729 5
930 756
661 900
921 731
978 988
135 689
173 638
89 279
573 214
44 749
979 442
725 162
84 30
363 33
494 905
334 674
891 631
583 341
362 363
909 490
469 674
422 425
78 308
287 185
366 738
168 335
352 444
867 591
7 302
528 479
659 903
941 899
880 962
348 40
130 151
3 415
975 509
816 346
196 500
127 668
318 931
500 770
488 970
31 363
685 986
755 473
920 21
617 77
29 967
358 541
731 213
290 277
399 245
129 913
190 298
212 870
375 250
786 597
458 738
260 316
29 233
105 387
656 797
937 592
540 667
597 486
247 45
804 768
368 330
757 395
1000 287
85 163
434 349
22 700
725 499
433 531
105 846
535 630
352 941
540 40
100 631
981 202
316 906
182 801
678 154
700 678
589 72
355 387
874 753
586 269
640 877
739 144
268 393
950 952
974 735
294 637
130 950
179 911
589 956
629 395
813 308
575 853
106 840
749 994
897 761
715 78
537 658
165 625
63 698
784 85
162 729
25 87
489 98
115 216
672 873
931 228
124 808
93 657
382 709
376 923
506 854
417 239
932 538
203 666
657 851
389 257
138 3
36 269
821 992
920 113
115 359
552 924
898 696
644 111
315 982
820 358
1000 206
963 962
466 662
731 430
825 37
823 630
424 906
61 963
182 843
947 630
214 75
569 40
878 34
271 176
455 183
612 74
795 570
337 540
605 887
215 599
551 473
402 80
194 598
497 342
481 585
173 787
326 805
127 476
381 828
222 480
169 244
846 734
26 535
762 797
65 59
674 599
532 728
937 998
592 451
666 598
832 370
226 193
390 830
619 922
909 466
507 744
456 582
218 877
628 996
403 789
468 321
796 836
874 612
723 889
62 645
482 132
552 143
199 532
760 498
970 821
990 432
426 791
832 830
944 344
282 275
267 461
362 69
989 232
951 631
103 350
189 901
724 986
157 423
103 431
533 188
883 187
646 885
993 975
61 663
403 793
964 88
965 417
932 928
492 841
168 835
613 383
462 677
375 924
637 105
307 740
362 537
56 932
682 568
370 60
9 338
780 713
121 968
416 316
843 583
535 462
303 449
825 393
464 936
967 879
240 510
937 424
13 389
1000 456
39 297
329 521
950 869
75 29
668 46
448 393
545 797
819 170
32 200
621 10
680 740
682 414
193 379
550 649
469 478
273 195
279 326
139 742
286 859
292 456
442 573
667 12
886 432
931 659
878 852
655 881
723 789
316 325
390 580
282 85
466 470
429 226
476 131
646 187
575 877
923 452
338 156
885 17
383 764
221 241
10 458
656 72
324 238
337 753
36 314
576 287
405 107
429 11
174 424
893 784
92 494
56 755
537 100
385 151
499 241
873 476
195 232
719 500
409 650
983 240
453 689
498 26
11 347
935 155
566 11
915 769
972 758
510 653
483 259
928 628
488 427
416 344
833 369
479 855
290 720
679 78
646 157
423 399
811 492
228 420
377 614
854 464
692 491
86 78
582 963
198 532
414 593
113 108
664 518
564 173
838 964
51 274
658 342
397 258
713 897
687 411
734 644
701 325
305 572
696 187
805 487
477 790
188 495
320 223
212 485
503 550
61 859
877 277
880 7
972 495
443 795
26 353
210 514
355 503
753 664
93 343
886 412
192 136
981 504
875 141
128 672
847 483
500 254
605 173
130 229
956 185
210 951
837 106
886 820
288 889
309 513
177 503
992 141
865 113
480 465
172 511
619 430
658 488
306 629
755 670
222 673
975 365
729 787
58 101
667 709
300 490
484 287
176 216
876 821
509 956
622 882
849 327
953 106
512 305
489 304
831 637
201 777
312 343
440 268
719 654
557 287
63 170
907 304
622 447
720 323
403 241
134 131
1000 211
266 283
233 708
61 2
632 962
849 302
82 995
730 919
927 723
114 464
721 312
744 103
66 111
195 657
708 144
401 274
899 559
57 848
53 746
668 368
209 637
617 392
212 564
221 546
94 304
296 391
481 669
423 534
338 766
891 982
450 656
454 168
701 361
24 911
632 954
467 335
395 730
341 362
244 539
649 871
870 755
800 245
681 22
494 827
62 543
239 72
144 780
951 647
628 560
758 183
518 973
925 820
359 88
676 366
621 965
787 719
883 610
81 748
390 524
796 519
804 10
666 55
266 406
832 185
288 901
909 448
400 847
112 633
497 717
258 293
701 527
478 664
980 442
638 186
125 477
309 662
154 707
976 637
115 219
841 869
272 536
594 87
632 94
315 666
888 200
689 425
819 794
537 205
108 228
298 699
319 195
266 477
307 651
489 300
78 286
815 867
878 193
436 988
720 303
538 592
622 202
200 567
254 718
38 779
366 388
60 823
583 549
30 703
638 592
622 181
742 131
703 156
887 211
928 154
551 472
19 187
94 413
848 161
647 581
265 351
599 460
549 759
215 863
951 721
985 121
434 209
754 390
994 505
239 739
304 813
965 552
164 265
153 568
794 156
361 957
686 611
118 963
453 102
261 947
840 740
685 65
926 959
909 179
952 682
681 300
758 770
488 295
49 426
984 763
303 533
987 556
895 495
40 307
738 310
281 47
249 739
254 76
132 966
261 89
299 564
319 432
233 183
419 358
521 818
685 127
462 392
135 98
998 664
624 900
436 739
422 522
784 495
824 588
536 320
144 499
332 995
704 694
87 11
982 22
953 153
630 915
663 814
116 553
82 649
749 249
157 121
566 334
569 474
787 399
574 837
186 522
392 909
303 433
765 742
472 883
884 906
4 243
578 395
941 891
907 951
503 142
111 271
860 845
742 472
264 46
880 318
575 347
868 471
412 365
674 632
514 709
590 763
298 388
175 487
164 301
826 926
351 921
355 474
283 361
322 689
841 391
469 590
990 224
159 239
306 157
182 520
454 301
352 291
211 104
988 85
729 491
966 392
991 623
596 125
338 323
405 505
45 34
11 926
340 546
750 793
16 808
127 762
681 554
847 221
723 483
15 29
728 587
267 121
283 105
201 541
172 58
713 362
876 722
54 50
408 38
43 303
409 649
160 513
603 279
569 683
383 819
318 374
944 129
74 318
894 645
57 488
843 610
551 813
953 38
406 868
423 190
134 311
686 768
726 317
999 990
274 170
368 721
440 62
919 702
207 888
726 172
256 772
855 776
859 333
189 334
456 941
959 830
854 64
911 955
74 670
192 866
132 50
247 873
284 149
749 39
660 616
518 634
908 166
820 374
839 58
531 253
550 43
737 528
165 7
527 873
739 463
922 821
880 31
653 899
196 562
911 639
145 372
19 687
444 160
338 351
448 803
173 587
145 261
278 59
80 990
338 238
943 831
162 576
900 514
957 751
137 774
729 624
349 175
785 454
624 362
309 512
867 734
462 38
634 703
706 832
690 381
92 39
366 962
883 340
222 678
957 945
357 133
140 749
823 936
846 507
393 735
784 408
289 798
463 938
163 805
916 237
367 77
115 28
982 589
980 756
362 719
842 757
646 973
99 560
318 274
400 35
447 74
802 71
766 549
940 354
158 222
241 353
416 297
363 788
953 66
437 465
740 158
63 395
856 199
134 120
345 178
96 844
317 300
624 526
647 608
227 3
778 657
122 823
692 127
57 960
757 671
904 71
759 33
687 836
65 93
518 614
667 312
27 153
855 739
456 989
697 513
383 226
610 802
442 656
259 58
867 209
745 985
35 515
700 279
387 414
878 184
806 437
469 518
164 244
511 159
867 399
248 317
914 548
944 559
83 109
945 378
639 96
847 119
119 988
603 140
266 902
35 95
823 238
115 813
297 728
449 865
106 104
140 646
736 175
452 422
612 978
352 184
957 981
281 364
500 864
586 929
83 39
789 12
2 686
21 114
977 356
266 75
992 359
868 666
582 588
919 890
492 758
932 619
699 864
464 95
358 575
678 542
56 889
519 202
116 581
836 350
177 975
309 250
493 109
263 490
460 122
322 119
588 382
327 490
916 709
42 86
981 793
209 539
105 526
420 559
519 641
611 608
502 999
51 333
415 980
643 625
751 752
167 419
769 847
274 295
645 308
467 362
494 869
707 580
541 404
987 912
70 980
364 305
476 411
407 999
266 713
639 294
605 498
608 602
291 790
131 993
500 128
912 218
920 470
831 993
706 998
71 728
438 229
277 169
67 541
33 925
713 19
434 628
699 448
276 375
832 687
33 526
567 201
698 776
558 500
779 505
817 142
802 826
492 820
552 717
456 226
384 79
846 51
59 847
340 860
548 409
72 466
493 414
954 976
617 122
48 427
289 951
418 277
171 55
464 59
526 719
980 915
988 986
18 414
898 666
9 161
835 237
677 754
220 911
294 130
21 586
388 195
116 712
414 635
643 847
401 328
130 774
238 863
664 370
388 82
998 885
706 100
869 744
981 942
753 859
382 693
53 507
717 362
265 285
875 500
179 13
416 873
435 183
516 116
934 175
204 968
133 452
117 753
249 209
621 153
566 826
491 124
517 366
938 693
282 177
230 731
231 374
32 936
676 449
933 779
532 877
577 396
504 880
585 905
952 906
783 604
805 180
532 988
684 971
477 67
81 666
425 568
158 550
790 187
538 128
371 369
649 745
562 58
676 54
35 134
736 888
127 788
844 892
282 373
799 200
358 40
108 150
478 849
599 527
305 269
16 952
789 211
96 246
594 141
975 312
82 441
375 604
485 12
825 679
272 609
368 790
617 965
929 321
693 408
965 387
570 85
771 726
497 839
115 432
958 980
689 321
640 139
517 603
350 676
21 652
849 123
595 619
907 359
660 53
73 885
385 593
226 609
890 712
467 889
910 693
742 972
860 524
809 550
293 669
4 832
422 499
743 917
953 910
356 371
104 236
863 268
590 460
368 544
596 649
189 333
744 924
797 142
700 959
61 883
526 231
127 38
639 698
514 823
877 241
809 849
57 532
565 436
472 29
514 320
661 897
39 557
689 660
687 897
304 758
468 73
904 793
267 624
634 470
799 616
529 124
435 433
532 769
862 8
828 168
297 432
80 832
540 634
413 715
913 878
437 256
802 702
253 896
318 120
555 922
749 519
866 825
756 610
76 782
305 997
592 948
318 983
233 253
289 563
357 915
364 750
270 773
567 49
703 64
538 809
794 351
228 951
64 944
375 544
546 268
789 545
361 210
652 168
57 297
457 711
388 583
560 176
452 334
937 810
721 899
404 425
10 32
928 547
214 320
677 936
314 410
47 672
964 432
932 854
20 360
518 27
21 529
686 797
449 482
213 377
470 408
492 448
311 924
369 11
61 693
428 644
53 273
740 509
959 861
962 83
878 359
151 789
565 90
161 609
476 658
313 670
38 31
411 249
584 831
643 306
974 691
166 476
450 882
265 648
641 934
749 701
350 280
98 337
541 721
397 202
753 107
594 529
405 350
870 930
657 333
344 576
129 276
116 492
122 884
939 727
434 593
1 33
366 620
771 850
519 752
614 310
537 407
106 105
434 544
292 966
665 100
878 312
158 939
505 909
287 845
872 514
873 410
102 836
638 922
729 926
935 678
167 824
793 377
742 180
417 93
55 711
585 419
375 810
176 292
251 888
12 698
364 569
823 706
113 895
404 316
318 414
727 38
142 872
289 244
898 806
702 352
649 372
480 793
47 565
38 505
394 601
798 678
30 716
658 412
17 300
382 670
570 560
598 257
117 723
743 643
209 744
598 130
503 458
70 811
527 472
700 726
412 646
350 75
563 342
645 341
645 324
153 574
562 674
49 637
411 370
231 333
639 336
876 6
549 952
725 881
165 970
429 874
106 905
14 700
24 956
575 997
524 889
71 350
822 626
572 109
511 259
849 688
386 174
408 394
279 409
192 353
549 363
609 208
58 342
974 984
461 699
172 306
908 510
647 427
508 634
92 121
742 487
673 748
945 71
339 464
656 510
486 161
453 585
359 53
371 976
580 228
926 392
401 771
976 889
205 105
725 786
742 848
447 60
513 86
608 340
665 275
519 152
742 803
915 855
422 325
82 534
270 313
787 621
517 792
946 722
262 862
436 208
459 81
221 790
338 930
445 158
372 994
697 493
308 394
644 300
661 650
206 765
62 265
227 90
66 196
543 874
674 519
624 678
87 574
735 242
334 825
374 14
915 128
711 133
201 708
791 813
429 940
377 395
948 504
493 549
79 668
170 600
62 586
65 294
526 469
50 434
986 678
588 694
934 910
477 977
487 88
144 194
595 355
633 916
482 952
468 379
641 543
275 777
975 116
120 944
646 911
361 330
359 243
253 876
520 539
760 128
633 246
279 530
46 267
550 939
384 461
404 193
595 46
448 645
110 553
332 547
550 899
591 668
444 689
319 295
569 568
676 868
113 596
845 795
828 559
137 779
445 653
745 574
286 71
159 479
966 997
759 618
646 356
579 256
617 85
491 963
324 685
552 968
275 419
167 81
65 523
262 879
512 118
555 168
591 542
460 44
575 10
537 298
322 188
124 240
750 36
53 316
660 788
270 120
976 417
99 466
428 816
195 583
659 84
787 139
990 646
578 28
936 798
467 455
434 260
861 747
863 45
132 121
815 206
670 583
782 61
400 657
547 193
187 565
173 634
306 93
344 216
161 934
407 953
799 619
675 601
507 661
607 206
59 492
459 534
524 690
619 244
369 375
589 916
224 284
426 968
79 918
945 348
417 667
842 172
92 259
440 868
511 475
573 332
711 242
139 370
12 252
991 978
595 93
670 551
390 321
276 696
413 992
375 295
380 629
514 13
219 817
223 985
370 447
461 980
353 715
875 714
464 353
823 938
914 898
55 476
495 21
615 260
484 282
341 767
289 796
608 62
457 710
650 319
655 514
358 646
898 545
849 213
665 31
823 761
8 706
318 483
873 872
158 264
696 687
659 293
521 658
953 64
685 521
109 439
610 764
994 543
777 227
616 21
907 608
269 391
726 57
44 876
808 598
627 548
9 811
616 724
482 60
600 686
583 902
753 863
239 956
57 672
188 398
852 869
744 550
49 592
636 524
785 100
516 220
861 931
727 968
545 548
395 957
285 455
236 273
165 795
583 32
683 722
188 236
390 624
799 476
451 610
549 229
814 556
588 589
774 778
558 141
649 727
488 765
231 336
741 990
870 691
429 440
841 8
126 2
76 819
719 43
48 212
802 933
569 918
641 353
581 967
84 609
234 306
423 316
79 430
372 420
138 444
682 689
720 516
422 636
354 798
25 998
82 273
747 513
570 10
845 180
115 363
647 386
320 769
394 356
808 165
59 624
68 837
150 809
542 127
727 33
68 738
345 355
643 964
181 909
807 73
441 816
795 641
119 209
982 209
613 4
695 692
151 453
848 21
167 383
459 5
846 691
460 346
854 142
114 725
482 81
744 868
982 290
51 252
948 374
416 847
951 849
126 311
274 293
994 500
501 164
539 192
5 548
689 723
834 873
970 204
737 719
666 709
630 50
870 621
746 535
965 823
527 976
143 987
383 486
59 276
830 996
690 78
49 350
50 241
326 770
917 677
519 561
461 553
727 818
249 887
89 926
867 651
542 765
10 466
90 676
366 521
662 202
276 369
115 779
847 250
816 358
500 983
479 880
49 137
898 340
335 903
267 175
641 510
220 325
167 846
77 728
903 90
10 135
782 34
56 569
347 74
664 184
292 729
155 831
394 137
217 618
768 918
111 130
811 840
208 163
67 232
772 565
593 16
501 723
648 970
354 503
171 215
393 209
105 762
260 391
522 894
281 932
88 646
810 53
481 617
800 995
854 170
274 502
277 821
909 272
433 607
969 637
772 24
60 282
813 948
448 60
201 852
148 949
868 337
807 518
442 598
832 338
445 321
692 966
277 632
796 932
156 523
505 415
126 489
608 632
849 770
560 763
689 985
696 34
852 482
429 111
452 912
442 138
116 37
520 747
172 422
819 953
436 595
474 650
595 158
872 633
551 635
167 882
833 882
271 580
389 308
372 412
343 45
163 923
57 380
712 930
976 870
778 164
11 351
714 906
570 194
564 860
383 102
816 846
377 776
604 997
143 155
369 412
575 164
189 617
143 8
94 574
77 820
960 904
557 618
33 182
142 976
557 763
191 397
568 172
452 303
186 783
66 809
319 553
397 399
678 992
700 552
459 858
674 667
752 359
456 932
757 986
708 19
297 240
752 246
145 472
681 62
765 98
438 746
739 496
888 534
173 394
299 851
265 967
383 41
774 924
278 79
799 507
558 618
291 208
867 485
529 156
344 614
36 100
609 174
2 52
741 953
23 878
851 89
101 602
2 935
962 809
230 1
488 928
305 222
549 435
131 614
547 174
876 552
327 814
457 628
558 306
409 761
208 137
34 214
932 739
277 618
171 339
523 6
409 618
360 408
622 464
181 150
493 356
479 913
945 761
332 181
966 835
759 766
635 564
902 6
808 938
891 287
484 863
69 951
952 393
186 961
152 721
103 758
483 1
764 118
288 17
968 659
952 120
221 909
866 450
173 810
155 291
930 215
255 754
221 574
263 997
305 911
947 764
430 325
667 426
743 639
838 337
711 580
731 353
822 997
568 536
166 557
984 372
399 973
862 373
443 25
444 310
766 273
469 869
438 796
809 408
205 575
278 949
552 66
926 609
12 225
483 818
284 801
819 508
551 733
474 723
571 227
241 708
573 561
673 695
357 166
197 973
37 788
738 739
334 238
161 345
199 295
95 853
439 561
208 297
559 864
531 559
147 310
403 160
167 907
891 477
780 546
769 279
789 860
431 743
199 395
716 311
219 329
337 646
912 996
731 466
890 625
336 620
554 456
648 781
385 953
460 347
298 138
15 873
89 7
866 345
630 486
79 612
557 852
527 140
420 776
757 993
338 625
827 3
568 322
678 187
166 367
903 866
596 272
959 678
819 115
912 319
416 558
843 329
572 265
735 975
465 899
562 307
826 745
395 984
931 762
93 155
455 532
993 405
496 715
776 493
706 626
122 381
505 371
151 782
839 946
914 852
236 645
61 494
373 650
945 155
340 667
714 424
456 440
862 736
166 811
775 731
283 973
620 946
474 516
122 501
186 240
46 348
270 848
785 540
237 739
54 955
746 7
451 157
388 374
149 206
99 879
171 266
368 6
909 708
660 318
238 294
653 702
152 77
411 63
26 596
381 294
527 229
722 290
834 744
724 129
158 310
531 696
309 170
459 373
460 10
1 831
669 218
372 718
319 961
431 763
507 97
203 872
189 437
855 864
747 923
834 280
528 979
591 858
719 823
880 417
389 804
263 783
378 353
711 353
342 780
536 943
298 366
711 246
40 953
611 418
338 706
691 378
667 453
32 205
565 349
400 289
94 159
874 675
89 317
507 538
834 430
862 128
19 550
848 574
641 883
640 810
956 76
139 618
654 319
801 857
987 878
325 139
236 346
457 3
352 295
280 516
558 859
53 762
490 477
110 866
775 150
239 570
217 525
948 830
953 652
866 643
689 186
232 571
196 414
878 960
415 188
220 4
811 747
25 18
19 621
459 504
987 298
441 322
480 296
46 747
875 625
989 489
427 896
466 934
687 26
505 820
146 552
275 308
647 436
544 891
392 504
524 385
780 539
198 988
38 629
95 620
495 326
389 469
356 24
324 574
552 857
238 28
207 983
959 68
506 732
582 949
39 490
37 369
731 423
759 315
135 585
172 521
51 488
397 684
545 210
764 450
329 629
156 612
752 442
513 636
308 882
450 211
113 240
96 898
388 448
709 804
765 1000
808 523
403 517
216 118
14 425
112 7
865 607
260 809
527 626
799 708
505 88
14 344
917 905
36 382
196 574
54 394
883 796
60 29
888 646
852 33
287 278
970 916
273 460
659 359
940 572
266 543
233 448
451 537
197 37
70 317
880 873
76 954
516 431
775 658
135 883
455 770
370 554
28 880
712 769
361 437
415 144
400 759
996 601
10 378
854 875
893 975
654 855
90 524
399 428
55 478
133 624
443 440
483 759
266 83
151 574
875 605
972 561
310 136
684 125
647 11
927 670
928 695
472 832
823 842
793 275
744 319
801 735
557 427
209 197
603 21
808 939
220 963
4 656
702 331
761 909
781 840
583 572
52 132
626 225
298 196
961 268
946 664
655 192
126 904
787 56
420 567
518 312
243 640
523 594
356 481
673 417
972 219
757 667
114 687
995 10
997 667
616 309
97 608
813 874
830 856
857 94
827 690
347 908
421 397
887 270
725 223
356 854
982 742
549 897
435 353
295 969
279 144
1000 961
804 337
731 851
2 247
679 659
286 354
888 674
481 92
409 239
896 117
545 683
770 198
641 980
804 416
127 971
808 35
222 981
649 725
211 36
983 642
653 437
468 445
710 779
219 625
24 577
723 65
858 856
729 592
236 576
495 853
701 522
723 46
462 6
175 679
405 177
129 11
694 260
618 60
137 657
210 329
449 903
107 979
738 851
990 773
447 5
270 518
598 165
441 84
286 939
803 642
255 861
717 120
224 563
775 344
708 781
607 868
512 48
217 814
768 170
552 785
122 154
114 414
869 286
854 418
657 678
180 85
436 255
664 282
136 147
134 386
325 705
198 593
520 377
369 133
598 22
356 389
268 615
89 6
840 93
714 898
512 734
491 263
900 499
423 646
796 188
763 179
891 870
506 200
605 556
731 913
826 903
802 179
500 494
304 689
941 358
875 298
269 109
752 63
420 239
792 954
980 39
620 126
552 566
328 390
550 337
315 541
849 804
979 233
908 155
213 545
913 811
236 646
218 905
257 783
80 922
182 732
913 708
898 48
410 201
192 403
410 342
159 49
344 718
862 624
793 279
528 172
305 229
352 421
904 782
297 841
561 52
214 562
819 972
200 156
385 318
208 391
885 595
686 412
245 948
515 945
604 253
897 155
20 94
7 816
559 775
604 876
104 999
851 573
251 793
5 160
545 491
892 6
731 384
218 245
272 965
223 356
303 444
677 591
345 238
218 356
471 634
38 187
99 443
100 86
561 722
105 750
514 956
131 500
259 715
43 672
961 421
304 992
798 528
378 209
397 361
40 954
371 659
994 295
299 587
339 742
990 380
729 50
303 3
274 263
682 408
743 561
778 951
1 674
250 438
937 110
351 674
739 470
863 587
425 770
288 518
218 843
467 104
805 878
736 559
678 390
885 66
408 634
5 824
504 227
608 745
129 288
520 911
633 10
163 504
634 309
11 772
129 337
476 8
22 388
317 728
397 635
474 537
486 881
955 90
205 343
811 94
499 70
906 650
47 382
766 269
738 569
831 628
284 921
341 728
159 331
660 364
312 466
699 206
681 975
738 680
816 98
49 199
546 343
803 380
695 314
642 930
826 199
646 986
998 457
730 667
253 286
294 448
811 182
707 105
323 336
787 321
336 229
437 656
927 741
652 976
781 692
449 395
547 149
242 322
904 193
288 102
713 907
143 296
493 851
968 701
782 145
184 294
517 428
353 433
649 252
445 385
781 487
675 892
429 699
353 290
306 88
344 219
515 788
183 674
297 299
549 125
472 319
182 638
213 616
401 154
535 47
433 5
141 332
469 847
842 171
321 380
809 418
495 963
290 146
379 874
605 216
54 838
491 920
810 796
945 51
103 271
120 190
567 156
698 861
789 130
594 218
81 821
499 34
636 804
358 347
395 431
180 911
242 704
704 469
11 159
182 908
686 468
615 406
873 51
765 101
824 521
322 409
204 283
811 773
314 311
704 755
209 171
82 699
444 950
802 64
587 986
604 852
78 439
371 683
357 324
103 800
252 126
425 508
564 361
679 104
930 757
111 410
132 253
777 224
326 394
344 379
611 287
259 754
925 345
873 536
646 835
536 1000
193 27
678 2
679 479
60 365
55 345
601 55
175 12
74 401
98 11
406 304
56 570
544 145
620 388
416 160
35 518
364 202
438 577
574 301
980 12
714 208
861 799
934 981
443 938
705 307
500 169
192 234
321 749
423 432
328 506
236 675
667 891
941 691
106 179
748 262
842 207
419 18
2 22
421 161
819 725
231 381
371 218
190 430
997 690
609 744
854 773
727 521
395 122
424 872
72 221
448 704
346 407
182 49
276 446
224 871
812 152
633 397
851 450
160 735
227 711
234 320
806 890
737 447
479 614
23 453
391 684
655 611
688 795
768 909
915 974
80 873
829 812
827 625
941 734
1000 166
928 579
967 617
765 506
826 366
561 971
48 738
342 4
15 486
536 183
547 725
155 739
416 305
548 806
699 690
259 577
901 18
703 154
781 764
673 467
587 693
324 789
511 661
169 876
602 474
285 926
282 99
606 482
347 717
222 491
353 392
26 542
28 160
910 2
269 138
826 789
888 882
28 215
30 893
607 109
800 279
875 301
841 493
269 108
849 906
412 596
805 155
58 624
19 746
993 427
822 630
914 517
308 788
704 994
301 61
305 58
107 370
749 959
105 399
10 465
233 296
175 725
491 608
611 691
542 627
138 381
698 789
861 295
183 223
170 92
767 909
278 544
529 678
180 758
56 572
608 249
702 599
214 285
354 656
389 511
60 866
612 311
523 302
707 29
708 866
582 847
682 556
863 646
100 242
816 643
798 887
13 741
485 568
604 546
700 801
972 62
235 495
854 62
929 853
731 673
838 989
919 630
242 430
78 824
706 97
523 669
415 951
877 8
53 454
740 256
434 239
58 835
956 872
557 967
100 566
615 64
397 74
718 982
38 324
196 964
434 977
473 525
522 718
76 867
973 1000
964 722
282 45
176 536
999 872
639 193
473 702
202 452
130 105
286 767
645 582
315 175
478 425
761 83
685 55
951 66
681 370
794 51
193 696
33 963
148 500
205 709
448 618
12 171
196 408
89 872
537 508
39 595
923 763
124 618
529 608
495 253
410 528
484 354
216 960
620 694
872 651
300 396
592 347
341 584
323 53
966 985
684 42
775 253
836 509
712 163
710 426
316 827
471 330
534 620
980 956
530 723
366 471
49 976
673 185
569 504
735 431
334 243
1000 412
708 981
147 748
14 226
108 649
237 43
192 596
325 664
513 626
882 438
442 932
743 886
134 730
374 255
948 186
294 796
995 97
429 635
145 76
933 187
862 211
166 346
606 212
843 130
754 603
98 471
528 666
122 465
197 257
397 255
623 847
292 491
709 358
636 714
308 861
295 773
4 306
765 255
358 239
178 321
112 453
149 832
355 487
528 471
783 861
382 112
495 819
222 537
957 602
824 957
568 807
201 258
170 547
883 346
422 874
728 557
106 385
73 728
276 411
873 218
651 241
90 957
347 6
233 915
822 21
611 785
241 776
12 659
507 461
859 16
789 837
593 204
685 756
744 176
561 942
599 82
266 258
234 670
570 852
972 864
539 783
54 614
703 16
817 488
872 20
527 358
820 796
679 107
517 860
942 811
35 429
630 622
351 27
677 407
796 43
685 554
877 208
915 335
386 643
614 909
500 825
942 628
503 402
658 87
515 738
493 600
482 171
140 357
732 719
161 838
726 996
5 605
926 827
265 992
785 233
288 591
752 100
130 446
888 676
889 77
482 484
840 519
1 395
839 918
685 481
325 466
934 692
766 359
287 42
302 885
666 161
337 285
193 711
976 628
318 583
779 467
432 198
973 273
628 98
25 889
162 34
628 145
205 64
759 953
688 102
962 605
413 147
911 404
772 974
918 708
99 594
336 384
216 726
68 863
108 924
536 9
834 818
618 653
200 574
163 690
275 76
259 563
247 408
911 219
548 807
536 807
468 714
622 47
536 854
211 330
706 26
393 339
351 890
913 348
944 369
492 199
579 937
800 74
445 201
252 583
182 874
570 684
312 660
43 612
652 590
728 284
269 26
93 502
703 276
924 282
467 225
412 550
785 68
970 200
808 227
331 446
89 845
961 795
823 14
800 391
322 727
404 613
335 79
176 307
563 1000
178 438
145 711
684 336
151 361
300 869
927 280
359 202
452 952
851 18
488 620
340 533
749 847
474 515
263 87
210 9
104 540
980 485
803 100
290 145
326 691
992 59
426 561
577 919
286 221
713 375
665 34
55 256
292 630
385 316
903 86
318 754
817 273
641 99
825 766
845 195
936 673
439 534
760 805
264 522
942 584
375 916
621 924
968 786
932 949
648 656
96 445
849 17
833 692
228 170
752 804
226 75
116 679
445 951
7 976
416 163
208 965
212 394
285 863
369 214
712 172
647 529
617 440
826 724
706 126
433 706
532 422
535 577
863 52
829 356
557 446
246 478
374 3
468 972
562 752
630 106
250 132
934 816
972 451
80 715
373 122
253 660
325 231
973 999
903 720
705 329
69 297
571 608
473 701
519 896
22 184
444 266
177 129
22 43
407 743
249 791
178 301
641 643
349 308
900 932
10 498
876 125
304 155
533 774
590 713
257 11
391 64
943 759
712 887
162 392
272 456
958 764
25 128
416 494
141 746
751 303
111 972
58 56
416 600
578 947
211 941
508 232
237 998
128 38
440 376
497 889
149 336
764 793
4 557
343 158
328 685
310 973
149 449
563 125
707 107
764 136
233 720
531 729
203 952
81 292
389 99
713 687
199 332
844 135
43 992
687 587
542 458
378 273
415 884
731 287
904 642
433 669
948 20
393 759
695 873
700 949
683 801
794 171
882 643
369 988
863 619
123 908
407 214
908 537
755 387
344 46
805 495
933 186
257 649
994 440
957 36
889 342
796 230
446 571
784 678
236 411
532 906
256 915
154 418
49 696
784 821
783 521
270 310
95 481
188 197
524 687
84 918
657 458
163 257
308 862
700 104
3 232
496 534
978 646
339 192
837 193
58 664
465 746
654 568
180 875
272 278
550 633
223 951
131 733
150 363
68 512
121 489
287 966
956 407
685 47
615 178
533 139
875 989
774 367
85 788
546 262
965 464
407 760
70 377
573 779
688 123
689 278
107 889
554 276
403 136
730 47
445 541
48 361
581 657
379 281
234 524
676 635
629 645
861 125
932 860
909 881
227 196
480 883
292 808
564 993
9 921
565 990
507 42
240 431
275 160
648 902
199 191
165 369
198 106
846 600
596 683
728 483
213 101
514 866
113 145
611 366
919 441
80 486
229 715
195 951
915 413
80 629
333 797
395 722
69 503
622 733
38 306
615 556
448 120
305 673
92 559
143 605
718 783
573 24
477 995
889 483
762 83
249 124
657 37
297 406
979 206
721 497
836 717
272 393
502 457
89 532
880 825
164 66
668 152
774 783
866 868
213 973
619 682
335 136
897 865
497 709
349 380
704 277
353 889
135 225
853 956
968 394
487 722
132 787
399 540
456 126
992 16
167 720
629 805
595 237
45 244
881 808
332 608
160 721
517 763
475 936
726 984
135 276
450 358
682 589
989 607
441 89
426 271
467 985
690 860
820 979
214 358
87 236
143 174
55 626
829 923
869 394
208 422
690 815
741 260
91 774
826 479
43 923
119 172
51 436
358 784
930 369
414 518
403 499
501 540
854 16
748 627
710 491
878 410
648 817
155 259
92 894
297 54
282 898
445 86
174 652
138 686
714 897
339 700
249 242
153 512
210 563
669 600
766 964
677 125
365 513
120 700
852 245
753 600
115 476
245 460
653 85
936 215
295 716
510 593
27 678
690 474
230 483
582 84
892 980
640 892
810 835
758 949
745 506
366 530
976 706
854 807
840 145
805 733
239 369
738 528
280 1000
707 963
858 605
189 691
289 878
396 518
826 158
578 940
889 485
529 676
172 876
408 705
830 580
919 972
663 806
85 558
301 673
621 556
712 280
787 294
474 247
155 592
907 705
838 823
520 725
735 437
220 902
995 280
262 679
986 472
251 120
905 694
289 283
860 726
455 146
965 68
427 501
503 134
933 931
751 684
703 265
86 261
181 575
682 500
421 96
886 892
744 837
467 414
35 738
8 640
387 33
939 636
100 560
213 895
35 627
397 72
593 109
844 695
316 120
465 850
322 649
81 273
524 644
236 441
569 773
454 293
66 487
939 465
940 596
852 120
158 553
129 293
771 242
257 63
174 215
656 50
197 222
804 662
582 195
620 914
876 548
810 950
928 961
720 104
662 346
703 570
172 50
599 757
750 515
271 654
916 209
989 485
833 885
870 424
229 48
214 460
82 319
428 490
25 439
342 352
551 852
128 470
590 138
905 45
461 366
910 525
531 728
133 988
289 182
437 374
590 420
612 420
117 962
613 973
407 386
946 752
468 668
70 568
82 819
168 452
76 105
152 617
331 411
428 814
437 520
913 231
960 683
282 587
339 534
625 17
454 837
518 291
60 324
903 896
904 34
308 401
891 946
127 364
503 380
331 283
518 525
353 295
320 40
28 281
210 28
273 166
700 267
829 105
499 634
500 289
227 683
736 607
849 976
903 567
317 477
652 373
980 90
70 666
602 980
788 789
205 901
645 696
405 323
168 313
225 184
408 456
615 975
970 882
684 708
318 990
858 755
489 140
885 502
605 837
180 906
272 565
335 634
428 168
968 77
214 559
771 682
729 889
797 694
615 403
730 715
125 131
641 170
91 31
493 351
366 151
369 969
333 502
405 985
9 256
941 759
146 667
592 887
792 89
875 646
188 868
678 581
347 343
61 605
595 765
1000 107
963 865
786 986
125 598
401 376
20 486
683 110
624 833
125 711
520 321
706 52
669 928
818 602
929 787
768 415
56 417
887 484
726 930
801 473
951 843
364 39
130 747
847 906
188 277
632 963
882 567
443 705
800 270
273 130
77 174
460 752
338 424
16 428
895 156
607 296
499 711
740 911
390 618
338 315
362 421
35 537
24 107
745 652
128 564
537 664
658 680
932 479
715 985
791 388
480 502
814 991
512 601
451 279
197 807
435 846
537 442
758 584
836 130
675 4
659 651
641 404
533 174
609 280
595 861
387 864
632 330
713 298
418 319
200 243
310 872
348 475
924 748
68 970
417 86
576 173
521 584
59 537
315 627
780 735
978 529
364 560
626 863
114 11
392 259
618 651
859 239
60 712
920 793
1000 71
825 156
882 919
761 139
817 768
200 798
368 352
186 849
151 961
759 108
736 547
53 495
799 890
670 630
381 931
627 951
890 207
176 431
438 689
726 680
287 436
235 911
917 973
993 319
23 94
960 32
528 740
286 756
639 302
932 142
519 926
371 492
408 610
746 672
141 256
364 463
489 515
545 412
245 380
267 374
984 708
624 347
474 926
970 827
148 467
23 941
651 460
597 632
45 941
129 594
451 367
895 359
783 816
421 882
999 44
448 688
512 549
106 436
949 528
508 480
552 294
840 395
812 232
841 86
427 341
625 929
537 7
186 479
258 544
978 147
172 222
300 427
570 441
627 136
257 376
262 245
168 845
595 998
554 693
363 950
169 971
574 528
423 60
119 365
484 62
780 707
51 757
531 703
747 845
995 394
354 542
554 375
555 210
243 606
206 598
981 852
621 333
267 766
34 735
542 383
263 778
344 310
109 10
318 137
700 915
260 28
192 762
618 784
804 977
91 688
321 907
450 721
490 514
773 875
528 546
378 959
718 981
511 121
909 971
421 128
697 946
607 211
40 107
611 788
244 971
762 136
110 618
639 194
291 826
753 635
745 699
838 188
257 879
978 615
942 110
727 748
528 494
654 546
895 394
880 977
935 618
831 658
546 542
49 94
837 13
729 652
715 993
764 739
24 300
401 92
202 903
756 98
889 583
102 948
710 567
234 372
200 188
389 318
346 253
38 543
335 647
307 825
404 268
962 306
835 32
929 187
33 110
471 308
76 132
872 59
963 900
811 937
75 324
134 447
963 789
507 241
859 324
181 880
590 468
630 513
869 675
63 380
781 513
91 623
700 951
791 616
913 833
602 401
783 196
290 827
675 864
530 37
239 929
203 343
942 718
514 593
397 107
274 758
38 359
539 142
476 505
943 224
986 645
244 815
504 148
545 642
322 797
718 723
370 837
639 441
600 174
528 443
140 49
490 58
823 364
516 404
663 455
478 539
139 363
417 525
770 11
332 664
168 457
166 884
227 870
15 933
615 511
921 62
758 621
157 500
537 78
461 94
79 467
10 246
926 440
603 733
198 111
501 962
115 322
160 550
877 615
141 925
556 60
711 736
337 972
200 438
494 56
422 309
812 357
869 404
137 427
191 120
690 777
180 463
915 148
402 833
864 636
132 362
601 639
311 916
464 281
856 555
599 333
285 773
714 649
94 431
893 362
706 53
389 59
856 730
7 350
108 383
286 33
74 699
476 763
26 518
668 249
655 493
752 298
145 156
329 463
923 201
313 678
632 964
887 404
856 504
934 239
886 212
300 719
156 683
529 455
753 520
239 810
31 847
244 924
945 407
766 569
52 192
828 68
984 329
89 538
399 971
933 271
947 415
292 232
847 126
577 622
71 533
12 19
733 99
914 831
954 368
585 215
944 262
508 477
187 240
484 342
980 563
181 466
418 36
935 713
314 245
445 842
395 348
397 652
862 842
42 539
319 245
769 504
842 798
113 742
294 445
212 798
263 498
155 643
693 329
623 8
128 415
627 461
198 680
868 241
517 812
111 649
403 388
904 447
25 698
907 564
765 728
622 67
684 727
955 800
373 559
602 55
565 161
880 996
308 446
899 629
810 88
392 927
890 490
742 542
347 705
459 907
616 278
583 978
964 848
161 517
789 337
88 126
203 287
814 461
567 751
630 53
316 453
677 835
328 595
681 393
611 840
391 298
230 278
858 999
710 12
801 800
684 623
956 132
414 398
359 199
641 676
970 824
758 907
802 593
250 658
549 484
770 499
864 410
385 23
258 287
261 748
453 416
257 93
663 749
6 816
699 185
816 123
197 572
917 211
725 794
994 781
846 218
190 286
925 217
546 46
937 763
316 720
760 518
742 938
860 545
493 72
184 49
849 360
333 624
137 221
968 721
458 259
902 612
482 413
191 487
138 753
682 498
50 328
235 844
52 782
883 1000
166 306
9 757
910 141
568 356
252 981
805 89
992 688
540 154
815 16
875 269
947 136
342 706
404 661
814 344
562 465
50 61
128 735
454 283
611 868
376 528
934 608
277 355
905 894
301 29
203 292
179 197
715 531
115 895
848 543
27 565
429 505
604 265
966 672
526 168
385 115
421 789
929 150
719 455
491 721
871 882
862 883
276 114
561 164
390 14
963 216
620 705
517 561
833 740
962 384
708 172
341 965
52 392
345 386
162 216
716 663
989 645
439 740
99 623
545 281
980 952
697 198
826 290
213 364
954 590
846 976
333 643
670 258
907 636
342 179
963 997
626 892
748 949
191 988
90 315
418 409
113 234
204 775
441 595
688 764
89 65
374 397
770 674
329 466
458 182
900 33
479 284
463 955
579 610
818 662
636 881
301 721
400 259
897 407
772 251
900 432
982 978
616 509
843 134
46 43
204 628
88 165
641 849
179 782
198 94
473 621
2 237
544 620
35 335
294 154
329 110
636 450
921 370
353 112
898 66
519 630
791 269
772 719
744 57
728 787
675 268
491 927
257 251
167 135
444 527
449 451
20 846
916 285
594 215
847 187
45 141
873 276
486 353
34 382
777 734
53 34
600 747
582 463
509 945
379 935
579 343
673 910
233 919
586 661
920 97
719 659
479 926
261 343
635 604
734 633
512 443
32 431
271 898
953 223
332 172
405 584
816 865
265 253
357 335
507 446
894 574
473 322
128 291
826 454
647 692
855 177
124 189
951 456
380 279
588 332
551 88
578 342
890 612
119 122
191 345
298 145
743 769
263 769
855 919
17 319
729 645
761 610
338 757
229 712
360 633
930 542
222 387
114 568
577 176
605 706
274 328
666 582
630 191
649 876
409 471
516 749
397 492
529 454
252 697
39 857
321 58
620 16
452 674
166 548
494 945
728 977
896 749
144 2
733 320
537 749
482 632
690 53
969 122
879 987
510 90
862 271
165 613
405 470
870 810
508 623
510 165
955 40
277 12
377 344
559 666
638 161
788 760
770 415
577 911
491 665
975 763
357 215
393 737
251 533
323 96
141 815
404 487
337 76
615 433
817 378
177 539
306 961
493 321
132 553
856 261
331 615
251 883
358 565
109 838
387 775
564 475
693 249
808 909
237 205
474 129
931 191
845 398
392 148
760 147
108 702
532 168
310 682
865 585
463 684
30 565
915 401
311 872
818 636
890 346
672 25
35 594
382 534
473 794
809 912
131 188
994 396
578 207
200 253
669 676
818 862
678 178
661 960
792 785
688 994
16 379
130 495
576 835
648 368
905 615
175 269
732 606
184 688
100 286
939 832
429 242
337 68
175 498
128 611
274 993
931 467
779 546
689 774
358 171
804 81
37 590
867 691
707 678
10 474
528 19
547 305
895 807
590 753
397 184
866 617
515 444
558 258
584 153
548 316
785 678
200 130
715 805
349 639
634 991
263 307
530 966
529 665
733 921
759 51
370 161
790 362
124 400
950 410
926 785
669 290
195 423
893 324
640 40
399 49
972 853
542 67
988 318
307 525
18 295
826 510
242 201
460 144
831 99
703 908
648 833
110 462
887 136
465 568
229 558
857 333
598 52
801 391
711 124
605 665
297 160
481 323
298 395
950 767
235 988
507 531
326 53
255 401
40 222
937 716
905 562
250 243
614 683
981 488
221 35
296 902
775 534
460 905
144 74
880 836
700 55
719 213
25 505
923 464
504 88
984 674
141 435
54 892
571 322
383 284
745 475
840 289
309 674
989 192
304 110
881 868
644 461
428 199
871 877
529 756
659 709
362 847
436 714
180 395
212 546
25 821
410 761
965 393
414 129
306 822
936 641
423 77
850 827
708 173
637 1
603 401
234 532
636 71
952 262
54 474
846 934
892 32
506 743
15 37
311 946
942 784
262 646
104 214
14 231
679 211
647 625
670 402
969 807
402 140
22 685
234 920
999 711
431 107
660 732
697 641
365 275
320 480
153 675
868 510
486 617
571 821
673 718
535 726
246 169
653 807
32 863
198 204
951 518
697 611
65 281
709 287
677 50
880 130
810 597
309 650
799 97
107 19
128 700
970 927
386 252
559 419
11 713
448 941
413 725
947 389
816 504
11 806
798 523
415 8
650 627
582 290
306 723
185 904
58 390
528 234
140 736
56 667
632 78
675 25
119 640
262 213
125 47
881 913
882 426
557 130
869 176
952 860
475 47
906 29
484 97
780 566
877 758
918 684
891 422
270 335
371 606
730 500
697 82
881 477
554 333
293 679
695 906
834 973
764 398
565 75
288 41
659 10
740 736
865 801
449 26
527 3
567 396
4 76
283 159
881 136
311 549
630 269
887 406
675 798
36 716
903 886
796 198
725 216
782 913
640 890
291 918
739 276
908 799
601 475
378 868
329 184
259 197
505 351
745 761
460 703
888 280
207 40
546 866
542 191
529 880
503 941
71 745
628 730
844 815
867 662
919 211
174 274
620 838
803 254
818 939
399 747
275 953
2 899
920 386
996 661
427 658
763 822
997 37
486 179
474 731
484 336
799 27
768 869
20 978
883 170
480 727
957 859
285 306
50 665
953 280
38 714
20 65
544 843
45 402
394 154
353 247
677 993
453 893
555 461
149 404
892 748
511 251
637 201
195 458
199 498
721 118
171 85
854 330
557 445
254 762
682 875
20 278
95 818
332 32
336 163
524 688
378 482
752 539
663 5
807 977
351 469
320 599
621 503
613 48
159 978
368 355
187 825
350 791
167 455
887 84
299 727
999 702
160 127
325 603
807 823
956 723
39 649
463 973
563 307
284 208
88 977
566 698
308 734
269 21
472 479
255 508
38 338
829 61
467 228
819 123
892 643
777 866
621 69
862 63
165 853
546 932
249 28
729 362
69 265
676 295
624 112
145 297
112 292
295 891
188 137
210 849
597 803
61 622
12 95
588 618
166 720
478 582
5 862
652 143
288 846
883 507
335 872
541 941
357 992
763 869
750 777
509 165
506 271
258 285
23 543
615 97
376 230
177 459
986 21
719 903
667 744
306 640
646 870
387 833
851 484
357 83
911 61
471 463
42 765
266 485
431 941
375 351
362 522
290 511
309 1
458 845
544 966
851 706
764 865
74 216
472 861
521 506
481 789
545 492
178 719
341 769
108 524
532 222
237 176
449 416
13 543
517 32
630 427
964 681
886 961
926 657
355 232
450 556
752 372
380 325
131 155
288 302
100 572
839 219
677 140
244 935
923 4
66 623
106 576
39 864
814 350
546 968
601 275
500 807
70 190
936 40
206 398
245 428
376 437
710 110
219 513
419 67
153 179
598 723
213 703
842 257
681 645
240 627
300 213
62 908
162 274
171 576
561 504
101 271
727 463
999 298
103 369
788 689
87 726
537 119
996 572
33 34
15 608
935 659
572 591
497 995
498 444
100 344
318 659
500 722
375 966
362 735
185 190
919 259
881 814
836 232
444 937
998 448
289 104
73 913
332 138
975 976
750 464
846 935
117 861
959 76
893 472
395 687
990 594
596 813
368 118
655 244
179 295
240 279
613 858
392 60
506 454
95 40
246 396
528 867
597 107
531 152
435 111
181 543
388 351
482 46
635 476
948 311
87 837
880 421
843 43
991 499
960 333
338 561
231 318
417 966
264 470
663 141
409 362
62 620
302 223
13 88
895 228
640 782
236 295
706 515
301 349
302 78
88 342
2 154
404 538
874 304
680 9
537 640
274 806
562 213
974 798
956 317
67 734
406 412
721 589
923 733
673 674
218 920
159 135
915 733
970 592
954 189
242 763
922 415
670 877
379 574
368 813
441 215
983 171
911 446
497 792
375 802
670 51
266 445
212 128
397 917
492 533
853 991
811 24
939 111
337 657
102 627
734 928
534 876
683 98
816 802
262 611
122 968
161 284
803 861
364 893
844 55
259 763
691 668
468 803
431 409
779 431
877 57
643 513
436 257
26 204
938 975
835 340
687 840
32 158
26 436
578 233
65 474
472 452
201 650
164 282
718 993
331 315
923 95
338 533
100 16
283 444
326 114
573 19
226 190
687 31
714 219
734 30
525 225
550 700
480 172
795 295
121 174
451 509
676 226
325 476
405 468
872 781
192 399
987 588
771 863
386 483
334 469
429 319
395 115
659 798
989 263
404 131
210 174
305 322
966 633
2 674
901 566
205 489
591 865
408 117
120 319
271 706
312 401
463 710
171 438
772 382
906 943
944 246
198 909
796 673
399 174
536 480
427 81
258 706
582 715
720 284
469 81
221 203
289 129
533 366
186 635
462 996
946 805
554 302
720 58
65 235
906 483
962 631
855 964
186 207
420 595
668 169
429 667
450 854
52 902
843 917
716 157
900 84
62 192
118 131
725 409
174 657
781 471
568 438
442 1000
258 326
347 883
187 518
813 838
506 208
625 174
330 2
131 207
478 154
689 713
415 655
537 941
847 648
546 600
390 955
637 868
527 986
330 228
650 839
558 836
5 972
654 475
783 765
457 255
477 228
426 886
373 307
270 472
839 570
309 987
794 73
44 344
724 778
870 108
141 542
183 167
556 451
776 835
998 104
690 313
803 106
626 798
689 119
846 480
790 950
168 674
557 184
216 922
234 431
876 882
383 770
223 569
519 124
116 911
337 942
135 375
928 759
968 792
987 20
56 946
440 465
708 385
971 858
251 785
142 672
290 367
795 758
138 779
587 616
489 533
717 229
403 421
705 741
346 334
564 296
910 340
858 13
217 899
74 540
358 291
976 432
152 530
173 984
355 13
851 912
29 340
880 469
355 154
599 487
199 895
144 625
52 922
670 708
271 440
95 68
728 335
766 779
268 658
51 34
34 6
400 282
827 645
256 798
919 365
459 722
395 529
948 451
625 330
735 901
151 52
317 812
445 343
502 360
682 304
201 979
387 450
751 146
176 543
110 270
625 436
937 818
740 835
120 844
69 125
325 805
823 260
794 58
318 852
162 672
974 771
121 471
469 917
290 207
285 402
20 804
862 999
955 195
815 860
673 630
655 642
267 197
896 275
846 27
25 827
447 120
432 787
16 594
200 271
932 576
310 852
501 857
640 135
629 317
612 347
354 591
320 835
229 797
945 548
712 313
218 46
309 149
919 860
797 96
107 72
802 278
939 147
329 757
241 33
773 24
936 74
851 940
377 737
322 290
285 942
407 816
159 917
40 527
757 190
846 753
319 946
799 937
947 858
581 555
488 78
661 804
26 593
557 915
429 628
378 108
216 127
914 128
239 941
636 411
832 281
631 907
944 835
155 236
448 18
670 733
748 229
348 763
260 929
635 317
249 106
929 249
250 277
737 781
810 595
518 800
631 681
597 873
529 249
805 860
59 342
732 951
568 976
770 148
470 526
395 249
400 849
755 767
936 803
920 424
803 85
343 372
415 155
953 544
59 933
25 245
462 418
524 233
629 679
943 657
399 439
439 950
905 31
301 945
216 931
90 900
609 352
703 682
727 304
290 437
78 268
854 701
157 131
51 640
380 76
424 782
102 138
341 855
158 375
609 947
261 118
268 790
720 10
949 441
678 713
846 563
464 285
427 419
104 739
899 541
791 539
451 357
208 786
193 98
895 583
489 783
473 146
971 191
972 204
956 713
282 936
815 262
709 783
925 706
820 424
570 659
496 108
875 424
70 842
670 825
785 81
70 997
531 405
623 763
438 601
580 786
620 19
918 454
39 811
817 898
410 447
741 882
827 137
439 71
182 968
82 192
874 164
654 542
893 514
738 407
305 307
979 931
343 280
245 566
79 624
858 579
505 921
93 738
152 204
426 471
483 538
599 696
285 304
91 449
721 842
439 523
760 784
342 306
822 200
570 17
328 668
812 438
885 664
375 830
858 276
939 61
671 386
251 997
547 688
596 400
437 312
994 583
413 319
510 977
120 362
265 504
639 768
218 312
493 898
520 354
976 356
460 333
601 889
492 62
826 682
778 521
1000 626
356 541
892 447
855 549
126 655
397 461
691 409
880 494
535 280
967 438
222 13
424 68
162 840
14 281
252 138
628 240
452 641
443 974
447 910
379 972
361 713
13 496
254 968
917 682
689 710
490 126
435 659
438 246
370 536
520 619
823 193
510 196
37 732
849 590
97 289
742 403
103 642
249 606
196 51
470 566
183 215
295 441
758 681
574 474
745 286
678 362
746 97
471 88
258 573
339 421
335 569
250 995
767 538
239 93
281 629
525 938
964 222
656 551
15 300
863 1000
613 241
1000 138
375 770
157 75
751 103
453 992
94 702
668 633
769 274
56 145
38 801
574 887
132 302
833 431
329 728
716 476
365 10
419 910
29 127
449 87
877 111
612 236
687 658
725 459
213 39
985 54
182 990
697 362
477 658
575 329
613 518
467 420
875 483
438 743
790 520
975 954
279 373
636 984
784 689
14 330
311 412
361 907
32 933
934 954
946 108
126 276
127 37
240 663
153 768
779 596
932 62
936 185
168 323
150 215
903 495
409 102
802 542
328 137
516 588
511 440
849 537
22 413
405 11
154 781
159 28
804 199
370 399
853 894
603 583
287 888
803 406
327 972
533 225
555 617
505 752
205 432
479 529
850 935
293 342
90 848
971 761
129 788
134 7
337 905
694 975
927 470
738 899
86 158
851 736
708 831
967 546
218 47
823 542
575 169
354 575
885 961
9 200
48 674
226 692
638 523
530 451
981 883
503 243
144 688
967 832
156 15
503 352
14 149
217 15
553 677
899 945
407 260
502 56
142 249
18 955
401 65
937 151
204 914
99 188
299 942
374 102
106 640
268 695
883 968
761 420
743 819
57 918
653 804
88 58
16 311
531 376
593 983
631 827
173 511
981 280
965 867
658 781
861 818
628 547
519 844
55 424
891 519
71 625
109 702
365 852
5 771
724 109
62 844
287 169
62 820
128 558
236 711
404 907
154 254
743 16
325 375
309 530
1 321
220 115
702 987
793 989
118 598
340 596
270 871
783 970
401 579
922 362
997 778
46 674
231 674
219 186
566 714
21 96
149 155
137 611
85 797
301 944
656 321
763 952
20 936
756 498
641 172
950 470
183 604
869 14
427 119
891 458
954 313
806 126
792 95
205 182
150 793
547 770
48 767
67 173
638 724
419 872
591 108
90 266
513 880
237 118
826 437
259 620
678 857
75 500
661 613
313 463
497 346
648 551
890 448
320 364
946 496
986 977
218 583
991 64
978 801
425 935
124 310
478 188
795 106
725 229
31 564
912 462
255 426
313 907
614 743
793 324
182 740
642 941
843 311
639 30
114 873
870 972
818 107
601 329
326 786
329 14
261 977
615 920
980 235
966 450
880 911
575 547
681 690
814 118
494 69
859 967
544 221
168 426
900 891
492 951
456 101
721 687
629 814
443 353
427 804
754 617
818 431
983 875
620 615
289 859
767 912
381 53
435 965
573 695
189 994
745 178
864 832
882 377
594 473
964 251
768 902
826 132
242 24
821 714
907 333
