1000 9883
649 367
517 955
740 209
742 899
907 730
217 820
109 510
592 984
720 173
104 130
602 129
638 579
632 664
997 416
765 580
627 671
593 339
118 278
596 897
854 154
434 369
398 172
772 409
667 357
386 398
321 929
922 605
977 734
288 389
787 941
97 779
487 220
334 968
10 898
124 145
598 377
31 552
838 424
454 417
572 284
314 636
351 571
107 79
329 89
40 4
576 246
293 759
864 541
710 1
141 314
415 431
277 312
979 96
942 84
339 129
822 766
179 616
41 527
717 154
742 257
128 901
383 601
556 445
866 613
346 449
399 633
435 944
510 340
723 325
119 724
802 844
806 780
12 621
327 632
98 701
186 328
149 324
228 195
125 837
265 468
229 231
357 306
43 801
423 139
355 849
265 57
450 103
109 482
289 462
377 602
324 995
811 499
959 779
835 505
913 423
164 751
900 187
274 374
902 601
192 752
833 63
786 62
751 538
735 225
866 368
683 842
517 201
999 556
307 552
648 824
776 199
621 139
61 180
27 972
818 977
749 743
737 743
494 591
460 822
559 26
616 676
139 615
509 499
736 569
771 106
757 157
634 456
268 208
879 942
45 898
698 988
282 327
698 847
400 646
496 863
526 199
963 417
301 826
162 384
45 309
121 567
569 587
452 201
936 758
189 810
996 398
209 52
392 532
656 757
379 395
271 772
842 704
38 529
314 281
387 685
65 661
427 10
484 73
546 220
141 964
897 366
38 608
593 223
872 402
925 184
606 830
750 471
843 531
208 10
817 608
105 406
414 566
971 439
475 548
186 561
806 823
433 772
368 351
60 637
860 681
561 756
856 708
894 506
203 111
249 413
800 27
817 979
947 860
216 210
649 234
66 940
231 426
765 878
986 621
899 878
94 102
331 272
928 673
726 891
430 420
623 681
269 90
878 550
442 638
259 92
353 169
245 107
839 841
273 296
149 629
478 483
466 283
636 527
522 316
842 78
628 595
477 185
745 665
249 842
201 47
242 955
594 942
222 631
390 675
597 585
414 293
71 662
996 765
300 180
410 404
992 12
480 336
444 763
527 914
444 874
964 113
973 101
492 882
828 960
91 951
114 143
578 542
119 418
211 943
894 720
966 845
665 726
924 933
599 101
270 339
882 27
260 301
319 770
69 955
251 72
159 853
255 896
937 583
80 176
268 999
252 342
180 235
588 216
994 643
960 543
669 953
394 649
986 815
624 136
702 35
155 428
265 700
178 839
398 832
56 279
826 775
773 796
761 470
541 272
990 363
235 779
199 407
880 83
754 628
594 737
4 509
807 84
886 89
357 645
999 858
856 28
179 881
880 162
827 941
790 275
757 164
10 705
373 171
280 637
749 576
550 691
679 789
758 822
874 275
529 884
490 24
475 484
684 528
337 507
448 572
267 464
569 816
73 385
241 871
93 990
820 225
645 935
550 256
11 983
858 734
529 918
842 471
917 487
349 741
225 447
854 898
525 674
939 158
24 409
942 787
194 601
713 467
162 59
119 150
272 679
937 999
475 928
913 690
405 917
337 71
284 586
327 548
842 792
935 293
685 702
998 399
677 894
894 716
996 164
708 880
565 905
733 707
223 277
955 713
228 655
802 348
142 997
750 126
401 349
369 33
955 806
518 100
302 751
618 916
697 483
327 104
937 460
403 360
740 391
228 596
905 174
134 520
174 549
85 86
95 333
532 395
227 445
9 882
40 856
493 674
356 750
9 969
385 106
715 33
348 526
610 217
505 29
804 745
363 75
610 72
387 491
230 697
361 574
382 836
25 375
303 692
81 727
685 316
297 523
62 773
581 251
468 484
400 780
735 614
387 189
386 339
499 454
373 417
620 934
989 247
153 501
524 220
270 860
348 144
205 313
962 660
250 894
860 251
440 758
992 419
21 423
298 764
371 990
686 315
428 367
855 304
125 211
417 154
76 441
135 368
278 501
621 915
604 871
698 492
437 120
404 375
150 855
797 488
708 197
357 305
472 549
609 904
848 448
521 510
445 974
410 603
729 259
699 635
938 209
978 176
243 551
446 456
717 883
812 585
213 436
427 545
397 269
94 361
956 540
518 767
385 913
298 338
783 233
22 629
587 425
312 697
79 765
316 129
511 938
620 439
568 362
880 12
398 939
862 140
40 195
230 714
356 785
784 706
417 943
35 456
201 976
2 259
95 500
852 17
249 60
178 448
415 509
295 795
866 949
138 10
351 687
984 312
749 520
121 363
379 859
274 849
258 330
98 525
318 810
524 113
562 188
287 981
823 39
771 392
576 352
560 933
669 360
941 88
390 486
708 357
381 11
201 509
348 372
632 55
426 538
691 122
984 884
586 1000
493 482
864 154
315 722
635 729
615 359
485 142
90 862
552 551
898 559
628 210
918 554
958 967
445 752
135 340
234 529
396 768
315 944
587 952
513 829
551 221
458 764
596 954
43 74
63 391
512 243
901 463
798 857
857 259
414 582
19 146
536 872
609 886
773 5
995 141
796 426
601 774
216 292
462 182
369 890
703 341
221 45
284 229
360 515
398 869
614 927
49 981
915 137
32 229
929 617
823 528
249 254
302 368
486 765
16 297
383 79
538 418
544 255
250 272
641 939
933 387
295 942
852 53
305 926
13 421
487 114
89 519
629 102
112 352
741 859
908 86
909 235
503 964
841 141
891 854
20 630
495 980
207 48
737 951
249 826
76 829
694 743
367 270
68 169
747 39
895 292
475 185
171 672
633 269
873 286
107 594
3 378
955 224
738 720
81 179
8 314
940 11
851 416
13 370
410 806
765 122
396 853
848 362
133 774
526 743
85 637
967 627
953 225
8 752
12 788
470 56
538 51
795 691
461 411
588 173
20 494
729 673
977 837
389 809
568 230
142 953
894 770
237 5
114 336
186 837
796 398
873 517
322 261
565 199
624 653
403 700
665 785
118 187
744 886
285 544
14 486
640 593
951 835
368 90
496 111
39 625
411 246
469 308
914 227
41 85
938 749
443 729
616 479
544 172
763 272
895 596
17 236
87 635
933 470
594 734
101 830
726 759
639 306
452 680
182 191
736 627
952 560
557 796
295 850
705 264
382 184
611 930
838 255
652 320
418 746
382 11
989 97
257 168
978 498
27 578
49 14
784 71
869 549
509 156
625 851
129 406
521 948
278 817
548 471
859 650
21 17
668 940
797 624
45 235
998 211
197 944
73 738
861 329
93 767
600 545
498 310
581 858
195 147
437 242
501 943
742 167
464 79
617 31
191 52
582 719
695 484
401 18
916 503
233 35
829 914
564 417
731 432
688 889
237 199
73 830
534 925
96 649
808 770
401 348
170 19
55 366
190 982
483 40
47 939
437 991
820 105
877 904
311 870
306 842
956 633
247 176
18 960
950 879
383 230
867 31
269 27
472 53
914 180
492 72
648 24
829 8
595 309
340 244
69 466
453 724
252 968
862 145
347 996
97 777
904 881
317 772
912 300
415 651
292 454
4 466
745 822
338 388
943 161
602 997
880 207
316 90
19 759
442 422
558 840
425 716
605 371
838 215
869 802
987 42
97 68
740 826
122 409
729 527
128 1000
240 588
900 970
129 892
710 801
324 228
641 302
25 1
723 470
885 438
814 882
854 943
11 67
196 77
56 600
863 823
275 694
867 996
529 659
769 428
55 651
242 910
432 907
873 240
896 26
78 331
798 64
582 811
589 131
848 611
261 58
815 647
55 619
27 893
973 36
518 466
167 128
919 104
360 778
513 754
398 108
570 901
700 820
935 191
892 248
87 606
324 892
860 862
790 813
581 409
477 638
811 258
406 570
501 360
636 245
138 760
160 400
14 47
588 112
312 715
352 904
114 747
134 644
835 537
843 2
980 151
118 18
847 763
635 444
689 981
374 315
250 253
141 122
87 898
532 893
612 459
615 764
965 797
801 852
253 539
71 398
183 880
184 850
149 704
387 343
912 52
546 820
853 680
802 682
382 240
148 520
573 313
707 763
304 330
434 697
812 722
681 648
865 123
248 859
598 839
197 854
110 585
129 478
718 264
991 892
461 801
559 600
470 593
322 66
594 125
173 951
98 876
393 722
175 976
859 867
458 904
609 344
464 233
483 599
444 823
880 946
15 668
589 263
534 648
37 928
622 433
487 832
825 913
935 492
719 565
873 893
727 14
432 629
695 556
281 880
123 251
471 701
610 747
479 214
597 479
109 85
751 858
186 942
635 245
212 674
200 862
790 713
296 413
705 999
632 833
733 75
356 577
285 603
532 588
200 941
437 512
826 865
630 315
651 8
730 453
991 510
500 443
931 579
531 381
183 694
408 172
520 234
540 245
549 728
115 574
681 441
165 872
923 148
367 706
575 489
254 328
613 678
511 845
727 795
231 104
269 651
54 675
236 706
664 659
757 480
427 543
784 92
343 643
568 835
271 429
741 572
121 503
374 963
324 60
622 844
689 34
666 492
211 738
327 796
941 399
447 391
584 215
90 536
654 979
419 446
653 645
704 592
466 639
820 594
603 322
860 958
437 14
778 74
319 46
224 548
63 85
29 69
33 2
398 266
739 608
353 590
87 288
16 965
961 351
546 279
946 653
378 315
514 969
109 57
611 267
856 674
457 725
550 154
454 783
570 556
293 387
441 624
829 511
541 381
672 244
599 427
437 996
433 435
778 992
446 626
843 202
972 430
562 686
869 818
892 629
767 379
434 61
435 364
516 195
205 894
956 922
250 309
878 947
809 232
314 726
558 813
825 802
799 461
47 296
583 298
118 663
608 685
793 781
617 561
201 789
986 70
733 123
456 25
561 426
90 578
163 146
37 693
721 684
715 434
582 403
745 363
489 480
162 454
684 455
836 26
341 676
323 105
592 558
119 531
507 373
293 941
59 528
461 348
941 722
216 673
136 685
623 16
38 942
864 929
630 820
636 413
157 115
713 668
309 201
972 959
95 824
351 322
371 512
838 848
136 626
261 971
956 981
220 811
955 824
949 266
920 512
647 951
817 904
616 759
808 545
470 31
75 98
612 311
667 358
943 884
929 679
888 717
753 923
451 618
632 1000
778 900
528 575
821 610
513 785
701 12
838 431
44 526
92 517
221 423
898 813
396 101
824 287
373 141
728 948
295 710
975 96
244 158
923 488
755 265
970 800
55 198
407 581
859 632
178 59
702 918
974 859
390 504
638 196
766 317
537 670
926 504
241 508
591 500
370 216
557 196
810 874
769 476
699 356
369 272
940 355
262 883
215 945
950 268
70 329
740 240
405 649
911 147
990 632
989 189
833 419
6 263
47 985
876 479
76 127
646 311
929 865
217 55
398 28
790 802
384 351
463 574
799 944
144 747
764 291
108 447
515 521
518 300
173 757
759 469
710 420
13 844
821 981
517 460
754 194
389 601
416 745
364 247
365 586
580 967
482 870
174 912
467 134
675 941
244 446
140 820
491 141
2 176
274 941
10 647
261 573
552 94
607 504
296 796
262 497
814 66
980 302
770 60
202 682
115 839
652 56
599 389
625 794
33 569
949 635
533 892
337 227
29 685
876 828
660 369
441 189
295 302
707 822
162 463
457 683
223 536
594 412
208 239
82 712
85 615
929 193
755 211
722 504
175 825
856 826
927 603
161 40
461 501
656 805
831 395
990 596
972 967
186 572
596 811
856 903
691 443
659 247
536 874
389 778
302 549
564 184
929 781
839 262
536 921
616 199
134 726
798 633
13 799
624 754
843 80
277 858
499 806
327 920
341 355
321 867
818 865
567 702
342 631
846 76
535 348
520 235
9 618
835 786
308 946
918 319
488 235
460 853
122 340
359 33
841 290
167 299
377 85
257 834
781 131
24 627
996 873
634 346
743 12
128 977
507 726
194 686
273 370
988 68
426 289
572 779
992 630
465 951
362 492
461 85
278 629
494 976
210 343
837 266
215 170
285 122
864 184
243 165
210 486
590 125
131 947
132 573
439 595
208 203
915 799
622 338
270 423
879 97
403 2
497 227
925 153
158 376
91 823
877 785
807 42
275 173
721 301
817 786
290 626
447 880
591 992
351 15
138 844
874 952
302 577
855 943
235 750
364 906
772 417
631 68
854 237
782 126
160 473
307 26
715 169
588 953
296 265
474 830
47 100
472 458
36 715
588 776
383 156
431 748
810 286
58 561
162 801
561 993
911 572
495 679
369 727
44 701
998 574
670 845
69 286
589 983
398 528
730 936
828 93
921 421
351 592
357 531
946 48
117 179
357 612
540 604
983 656
819 691
896 660
685 358
79 235
534 117
559 674
71 772
274 143
936 915
25 212
245 561
836 244
283 796
513 191
441 132
871 946
713 464
920 214
78 194
120 436
323 249
258 411
441 102
621 573
603 478
533 263
147 180
665 695
647 259
584 289
566 369
988 515
313 409
332 467
411 872
358 783
127 830
74 994
717 844
385 793
540 715
868 200
706 255
783 97
462 890
517 53
367 676
333 980
49 817
670 493
599 271
291 716
623 471
792 635
478 98
557 837
545 773
109 830
574 152
460 552
744 739
28 292
469 470
239 992
648 489
279 85
687 72
675 944
16 371
568 704
17 206
576 859
403 809
922 891
50 14
527 544
25 16
605 448
110 998
456 713
822 88
408 620
245 465
192 195
801 831
932 7
145 691
936 194
800 118
885 225
79 94
927 268
710 916
433 120
633 233
637 561
654 767
609 80
827 25
392 244
281 173
194 662
357 890
233 164
680 468
150 409
887 458
176 4
107 540
536 292
720 577
793 27
98 825
229 1
945 848
563 602
466 830
402 589
383 776
332 782
538 737
557 195
228 207
948 382
894 668
452 251
544 989
941 565
613 453
952 370
609 909
688 284
318 427
712 402
604 896
42 425
499 790
782 357
693 86
250 67
290 587
679 39
882 945
534 814
973 454
679 405
467 667
265 287
839 285
911 944
53 815
302 633
428 972
911 801
255 699
660 133
993 519
279 8
834 321
467 280
255 509
625 332
787 973
607 180
204 585
832 162
904 879
818 973
123 635
89 703
753 736
476 329
793 569
776 297
346 254
302 53
629 430
745 931
720 993
477 194
614 397
18 844
509 209
304 151
965 206
386 421
461 991
580 299
970 551
3 692
947 146
262 163
870 468
251 612
927 151
789 82
628 174
371 959
851 393
500 729
525 632
358 651
842 716
609 719
759 629
246 936
963 80
507 316
661 249
24 242
388 883
132 376
371 586
527 273
985 714
424 566
497 32
482 340
247 84
359 958
368 339
351 42
856 712
319 712
14 158
604 650
697 280
381 799
511 848
756 893
995 31
136 40
908 702
288 227
933 221
660 635
408 1000
759 223
118 205
801 443
160 301
352 517
562 648
585 633
268 259
717 218
335 501
796 873
84 43
499 756
904 666
900 9
876 206
953 991
145 746
383 430
205 954
810 748
776 596
597 740
637 919
867 610
121 260
414 297
845 635
37 526
791 373
758 968
709 28
839 649
345 131
247 106
870 97
263 641
208 430
81 176
949 975
197 618
950 56
589 344
555 584
498 475
775 71
836 439
327 572
350 743
632 308
121 817
384 807
828 802
391 604
855 219
213 508
570 857
682 895
593 72
100 40
449 496
88 560
985 294
933 526
338 968
428 886
180 247
218 302
769 598
635 147
268 626
360 979
469 223
363 436
715 219
27 253
669 806
655 503
199 987
56 283
598 231
104 571
644 11
592 460
278 281
102 26
409 478
482 188
107 201
144 861
572 373
518 887
251 150
904 807
409 785
395 940
801 673
732 627
491 199
40 45
793 753
350 270
351 595
357 530
781 112
433 194
605 364
201 126
53 965
828 461
499 321
117 178
214 980
857 619
576 397
650 908
957 512
747 180
451 371
141 499
954 262
318 993
466 172
395 104
320 365
641 440
58 418
115 175
261 527
957 994
543 121
46 707
710 730
20 986
205 482
337 42
120 326
599 694
621 794
290 96
418 173
264 539
859 986
592 703
994 895
205 196
691 773
968 882
806 598
688 369
872 494
747 798
491 645
833 453
561 598
348 266
655 132
74 995
422 41
668 305
464 767
809 765
556 606
864 158
763 98
726 106
951 819
327 245
249 345
960 285
1000 526
361 768
982 674
65 296
525 631
13 8
141 83
914 341
611 229
95 412
852 249
491 163
594 592
225 19
832 101
547 354
638 409
287 223
374 100
40 181
762 349
780 76
965 88
935 816
184 919
296 689
524 73
216 775
496 808
81 990
499 123
471 785
430 527
896 415
816 230
727 400
729 863
698 150
893 142
462 271
604 204
916 176
224 640
100 307
997 11
85 577
690 997
177 574
822 174
147 354
258 857
9 325
104 965
584 463
432 588
219 308
440 71
367 884
298 941
579 52
494 913
48 700
525 830
420 664
440 54
422 506
927 638
191 267
485 554
476 919
919 535
612 27
228 268
484 662
378 369
929 871
678 922
91 540
920 542
425 192
500 179
127 495
238 588
703 386
523 792
818 744
690 821
364 98
674 174
801 527
568 366
424 936
878 527
737 649
635 278
583 206
641 835
986 692
861 808
791 29
945 469
110 899
101 708
267 318
988 348
607 506
63 664
796 603
435 757
737 53
370 566
819 539
550 985
669 251
825 832
104 613
447 287
451 216
141 652
950 162
258 425
438 502
315 377
245 1000
121 570
674 288
486 450
34 195
570 497
334 324
238 355
440 662
774 271
557 149
600 648
87 74
324 264
769 397
589 260
534 655
24 68
791 636
25 941
428 478
124 461
241 367
581 561
450 213
159 751
185 69
204 452
557 456
741 187
601 616
693 56
241 844
151 572
243 519
562 837
48 567
920 417
397 732
290 620
576 681
247 196
798 748
70 583
308 376
811 355
995 30
619 666
964 771
293 125
478 59
854 84
179 122
499 985
869 795
601 85
495 494
420 199
648 418
109 227
726 751
947 238
737 774
900 728
740 927
979 193
27 860
842 75
466 52
496 515
6 682
540 519
377 688
140 36
975 362
932 88
400 825
844 828
315 54
797 918
887 894
682 22
624 735
289 599
516 558
245 682
504 492
267 56
6 846
385 237
934 74
794 315
561 28
375 668
576 530
92 162
738 748
685 947
910 808
984 852
706 991
755 788
634 796
416 282
414 885
807 198
617 176
415 579
308 143
971 505
879 208
94 632
241 228
6 306
47 546
423 307
413 340
646 788
904 285
388 118
981 785
355 69
658 276
596 696
958 35
672 152
636 201
673 433
433 692
952 248
716 113
312 791
435 83
551 257
387 212
298 441
852 768
670 657
477 837
23 473
818 771
782 926
531 410
131 104
247 923
726 523
529 77
645 639
390 614
746 688
123 915
914 528
420 473
828 462
996 952
168 829
67 900
935 783
883 486
990 462
41 533
214 836
505 576
894 170
235 475
741 605
548 179
626 655
572 860
152 164
174 501
234 435
474 450
183 494
977 473
802 4
517 639
555 452
204 302
95 393
191 48
824 419
398 378
181 106
498 222
1000 36
694 824
769 663
453 902
977 788
428 708
379 30
731 293
485 371
406 931
133 169
338 941
427 388
644 787
34 781
95 987
104 422
437 596
442 878
683 868
351 242
961 90
924 74
981 23
965 626
967 36
424 444
942 674
9 710
704 3
670 653
933 101
737 620
852 139
784 731
801 723
287 440
307 278
537 949
97 894
773 541
957 464
170 994
854 355
856 253
508 816
179 848
423 856
771 116
627 320
887 512
174 85
50 159
378 752
197 92
658 990
329 44
144 74
918 84
188 881
653 217
747 2
912 93
842 274
371 278
499 461
541 932
90 690
58 468
650 560
978 101
137 963
232 607
818 506
909 529
270 801
932 374
326 685
590 878
557 31
595 148
820 759
508 363
315 717
889 544
343 27
862 813
812 2
708 179
492 710
418 289
95 847
590 187
349 791
472 231
129 547
423 129
851 698
817 638
123 211
251 902
125 929
511 600
312 2
129 604
726 149
854 40
950 557
19 125
599 270
216 333
569 207
915 439
644 287
991 224
901 136
189 166
669 892
473 67
85 117
291 746
933 807
220 38
139 814
549 791
260 806
892 585
89 268
680 873
238 687
313 852
228 617
463 206
203 125
800 322
707 764
365 728
791 28
350 308
832 211
11 965
615 760
619 253
340 490
417 787
473 655
261 898
540 435
870 910
562 87
322 956
399 788
297 618
560 837
235 274
790 62
922 238
906 849
737 229
231 806
180 788
429 718
497 696
918 850
745 338
67 378
174 450
484 273
410 604
674 289
451 104
272 597
834 571
617 953
87 69
380 945
54 182
702 610
498 4
663 351
217 596
772 319
574 568
702 461
579 386
497 396
708 806
33 122
290 651
418 348
403 88
194 47
749 443
566 319
523 818
575 39
703 114
415 890
368 341
4 963
688 536
797 154
800 930
912 684
506 463
969 813
803 825
900 133
259 279
377 346
982 265
364 180
109 883
386 654
294 783
420 448
136 441
999 590
446 602
451 972
320 221
826 988
369 607
387 8
178 191
714 861
326 15
553 473
735 993
810 456
889 371
724 406
178 14
566 901
532 797
607 315
210 816
594 646
131 924
425 767
154 39
951 318
850 862
141 60
645 401
738 280
889 156
491 59
582 137
497 715
776 692
135 243
549 938
862 568
918 894
25 253
119 741
438 467
42 920
882 416
775 65
64 819
447 16
693 456
986 322
659 600
626 989
868 866
595 938
416 283
844 973
396 801
90 161
651 861
266 309
430 79
973 170
976 82
647 681
303 407
52 149
24 933
588 327
916 318
445 866
119 79
820 573
674 888
839 342
660 827
735 257
204 207
469 221
786 241
753 98
441 628
283 105
48 818
625 40
364 20
990 992
147 710
961 238
429 592
431 134
587 116
550 120
18 809
633 662
528 614
2 341
349 138
408 740
724 426
139 596
658 872
248 790
502 744
97 194
957 316
151 485
514 299
753 575
421 623
261 986
444 448
139 306
783 785
533 622
880 902
236 919
265 116
206 382
796 668
159 76
567 835
647 645
405 961
791 411
225 320
941 10
840 355
270 842
823 106
880 612
849 491
98 929
557 610
223 703
261 414
11 171
858 506
453 722
295 243
243 130
926 19
289 958
876 918
238 395
404 345
565 866
553 810
608 459
611 556
834 773
462 578
67 142
237 194
464 354
605 901
512 176
593 315
964 521
191 358
599 357
378 347
655 55
74 624
420 580
757 733
26 767
298 376
62 145
429 658
122 868
70 652
472 139
145 219
271 431
312 820
95 107
706 412
575 425
881 162
956 852
795 222
27 72
140 425
35 581
930 839
491 391
308 599
554 875
832 345
524 519
653 869
231 377
583 228
108 132
109 605
737 732
670 814
313 936
210 692
690 234
356 970
822 983
861 883
41 854
889 122
157 844
747 116
514 271
608 734
228 560
874 369
452 943
610 279
352 11
903 272
561 377
323 666
140 892
595 234
242 598
335 995
546 638
172 423
603 627
340 907
715 833
936 626
441 308
149 107
812 221
980 603
105 103
908 309
768 859
864 244
828 535
851 494
876 875
327 625
901 674
673 835
696 540
141 985
327 161
256 141
702 470
298 792
963 6
747 879
307 618
465 47
18 395
113 783
974 18
172 896
356 229
48 702
34 865
995 262
686 873
229 962
932 241
702 131
726 809
800 903
674 928
108 292
308 358
781 609
433 755
964 809
364 973
476 695
772 100
97 590
541 289
285 739
255 309
682 393
667 503
482 243
725 53
947 103
289 983
587 60
976 914
735 908
114 966
633 846
834 463
606 123
967 163
562 453
162 983
715 289
792 868
923 316
232 783
97 123
225 174
746 792
840 477
444 897
384 355
224 98
701 720
746 939
159 4
253 233
969 136
182 175
480 539
37 760
386 416
261 564
979 867
55 452
87 909
335 628
603 716
824 655
162 10
183 416
793 148
72 483
471 485
718 94
42 711
171 489
708 144
67 40
68 887
877 519
140 234
169 728
156 498
76 185
389 84
484 854
47 355
267 696
388 889
548 799
315 971
321 215
89 179
930 459
421 671
591 776
915 466
535 517
226 991
298 304
409 255
356 590
530 135
571 977
492 126
690 88
886 170
895 904
531 275
937 40
98 116
465 799
27 48
619 954
726 882
322 588
567 698
115 747
499 584
979 338
529 103
657 42
749 708
83 922
58 585
370 999
577 371
454 451
874 407
760 492
430 248
641 591
201 208
310 338
738 281
135 861
871 87
430 875
624 400
254 47
516 552
945 366
352 51
98 555
997 653
729 763
989 313
286 245
894 110
107 584
883 219
367 490
851 313
765 131
875 591
272 690
628 141
208 304
796 163
29 830
980 770
512 280
107 886
128 17
523 184
637 58
876 962
590 240
518 125
901 267
594 271
346 736
380 180
826 458
99 260
655 173
678 710
30 561
281 9
62 107
801 137
967 796
420 545
369 143
703 230
709 869
817 871
588 38
806 245
170 347
504 513
964 865
948 366
531 190
237 289
455 366
810 139
890 189
418 882
265 566
340 222
697 539
265 903
623 770
23 72
460 742
287 145
231 58
308 769
662 976
631 565
823 327
63 722
83 240
11 895
340 513
345 921
572 948
900 867
978 127
63 547
391 104
894 59
54 930
497 583
781 64
166 165
399 402
242 789
149 199
861 756
153 316
12 577
713 468
287 713
344 337
81 34
998 311
266 500
240 498
381 303
254 519
275 382
629 761
280 296
428 416
454 672
716 723
208 58
797 398
51 532
110 49
425 463
584 692
413 310
734 906
660 873
147 918
935 145
829 654
243 705
463 688
493 646
1000 339
29 503
583 816
127 500
697 341
75 25
493 778
442 876
870 728
481 706
100 956
123 373
288 397
606 354
843 28
222 33
587 99
903 830
467 256
680 655
494 895
649 948
562 642
161 882
500 565
623 806
274 563
758 75
463 101
818 948
253 625
127 806
94 540
378 995
244 884
184 627
277 957
340 327
404 996
182 723
305 41
218 648
783 884
258 353
614 372
689 131
541 930
432 436
469 903
254 103
956 511
393 899
263 1
309 707
491 736
510 348
37 852
902 344
116 243
608 27
607 839
665 452
79 414
819 847
642 598
825 782
147 502
384 964
704 669
232 142
858 334
399 148
545 366
459 393
811 188
462 556
34 783
18 392
440 954
955 637
834 870
111 194
485 454
15 469
847 340
481 915
498 851
3 983
806 599
216 416
599 490
730 783
459 68
777 47
708 625
913 415
143 294
950 978
5 449
619 691
655 443
74 740
795 412
204 871
334 786
78 952
687 778
999 548
835 543
875 474
584 797
804 598
148 978
64 161
725 52
810 466
320 74
504 791
726 710
537 919
610 103
370 960
60 4
817 629
139 415
54 558
143 779
455 997
225 60
712 570
22 59
23 854
483 897
248 250
283 525
233 362
513 424
287 77
70 343
275 909
754 1000
439 134
577 545
561 356
780 194
512 608
215 447
606 692
296 575
582 333
258 615
862 258
837 800
565 534
508 137
399 458
497 920
556 926
426 404
190 453
742 150
524 477
703 108
517 548
864 768
559 821
928 557
980 862
221 229
162 237
428 616
780 661
968 909
683 482
61 586
560 375
744 212
104 179
692 348
548 792
808 817
91 863
60 616
540 664
119 101
527 386
34 757
511 719
848 193
995 178
997 623
118 295
873 530
748 938
485 732
948 228
142 87
159 927
787 158
762 484
777 468
584 938
291 648
808 510
492 127
312 749
576 586
852 537
654 93
923 571
571 833
61 127
815 74
339 773
838 345
775 869
235 948
292 437
847 677
294 751
387 411
226 145
745 871
937 282
672 315
965 874
363 8
571 559
18 741
136 616
11 628
473 140
47 274
733 335
628 603
19 821
316 369
743 186
871 449
202 376
240 571
434 5
154 199
435 722
874 600
978 408
119 886
335 821
301 133
966 761
1 201
364 250
918 892
477 452
660 384
903 232
619 295
909 599
606 604
183 278
77 303
224 877
831 410
44 56
271 755
988 871
224 732
100 359
777 676
581 752
12 557
821 257
509 821
789 995
404 327
141 992
772 618
24 210
479 786
212 895
671 400
51 571
124 67
293 730
534 904
574 677
117 774
958 196
855 729
198 713
143 120
536 220
369 61
372 896
519 775
764 386
17 665
772 873
796 140
600 459
201 597
242 487
78 833
555 211
377 372
123 360
360 614
507 905
863 124
98 166
868 390
605 725
511 86
153 564
84 228
675 923
880 75
199 757
239 824
184 562
719 450
732 751
228 830
451 712
569 699
700 429
421 668
794 166
210 865
173 363
212 13
639 136
110 277
144 127
51 799
81 724
744 490
154 168
727 821
139 308
136 735
766 261
662 444
110 809
63 733
528 36
158 739
270 985
452 964
486 697
326 565
829 273
791 405
685 242
291 431
257 67
993 857
465 480
874 76
675 53
825 640
145 790
685 848
756 424
519 508
777 741
337 46
945 815
160 737
72 429
826 26
310 891
37 913
522 307
622 384
132 542
663 786
318 289
991 522
194 883
931 710
86 845
273 444
864 935
593 31
596 906
928 452
379 162
363 729
405 574
829 540
591 685
708 911
13 93
935 144
481 999
946 683
104 282
964 672
289 504
937 308
223 19
868 324
725 317
908 755
640 645
109 168
844 477
627 535
313 611
890 367
536 581
669 695
1000 626
175 50
195 784
348 518
667 410
95 577
268 455
341 774
574 511
468 270
848 385
783 709
130 403
296 919
281 10
374 752
656 183
127 920
419 83
628 659
610 418
282 505
620 783
349 433
353 804
407 579
211 322
818 358
214 871
127 766
663 370
543 200
769 155
861 309
901 910
23 640
798 286
881 964
888 354
607 838
168 685
505 812
287 684
295 693
718 64
484 94
815 799
802 406
551 817
627 439
165 455
256 429
76 230
207 892
62 81
402 118
284 507
506 327
273 878
769 609
91 378
995 153
759 464
542 366
893 513
108 294
968 735
364 952
290 951
350 255
743 892
215 409
618 771
602 396
674 529
535 592
402 300
259 333
286 918
341 329
363 531
592 505
331 367
407 50
285 658
329 258
114 354
981 266
486 856
947 150
362 474
895 244
161 797
862 7
23 534
205 768
805 91
120 744
856 220
732 567
490 422
397 332
274 935
830 752
528 334
325 8
554 766
810 644
525 431
222 483
119 877
615 40
757 284
102 69
586 830
490 235
353 689
562 580
270 768
22 636
733 814
292 564
558 299
266 171
678 29
171 748
716 935
347 12
194 921
565 646
512 318
826 210
815 834
671 302
752 994
107 797
972 799
129 915
367 807
578 674
121 905
877 662
414 940
335 536
328 557
619 567
594 75
261 7
134 287
657 706
394 110
324 953
570 817
332 412
207 848
189 485
562 833
467 767
928 379
910 319
143 404
94 418
459 99
901 88
886 910
522 783
636 161
490 951
731 671
496 236
721 485
795 890
389 901
943 290
541 449
682 472
496 123
868 483
501 198
28 250
787 922
880 465
643 463
771 258
311 581
350 501
293 237
783 388
607 151
370 914
61 239
161 825
491 222
37 326
865 333
459 572
637 801
781 71
662 970
499 360
746 747
672 538
572 35
27 638
67 573
488 518
20 587
182 286
976 747
349 359
267 60
968 415
922 368
281 360
379 605
604 402
842 523
190 549
827 437
499 164
634 937
291 939
121 730
81 196
165 846
824 540
670 46
366 167
3 949
299 26
137 331
660 91
637 56
659 458
588 412
200 421
366 22
459 336
333 375
315 980
998 619
414 904
753 436
458 536
366 385
95 717
61 621
355 912
670 217
364 325
882 99
423 987
691 635
907 918
765 694
942 435
826 554
630 636
672 156
394 702
344 509
861 680
660 693
627 570
186 828
732 515
951 859
330 899
147 715
995 911
985 229
948 287
94 75
38 994
407 122
374 459
66 568
913 17
786 289
143 940
572 370
754 621
612 451
597 929
268 435
487 57
733 289
74 110
705 256
746 700
856 148
736 506
112 388
476 189
31 237
841 81
314 819
427 624
597 628
563 700
73 392
845 538
21 168
757 382
171 631
764 686
650 960
382 493
55 409
884 119
189 903
888 114
763 946
720 100
859 819
141 720
436 736
759 794
462 308
29 879
11 172
803 344
720 490
438 301
929 274
397 941
319 426
534 570
756 766
426 143
564 425
782 480
30 261
270 308
533 370
835 374
29 211
626 49
80 149
239 467
998 881
982 106
644 295
756 771
243 880
192 750
155 274
925 266
892 323
765 971
752 502
901 9
877 162
971 37
666 573
403 593
795 211
416 708
512 629
282 543
373 116
523 977
508 432
884 46
477 982
796 942
19 767
476 764
595 348
830 725
896 393
438 850
442 273
889 232
706 974
358 165
560 833
128 992
112 575
935 616
430 929
834 150
549 405
97 318
580 317
448 640
242 676
793 12
484 377
386 682
717 341
42 607
557 172
667 660
742 302
505 819
604 201
767 527
292 759
295 144
902 120
377 9
559 787
798 57
487 879
542 717
219 410
99 608
79 566
341 931
15 422
915 876
181 584
5 156
554 210
66 410
484 957
148 157
570 794
574 866
229 975
639 856
345 194
806 337
256 605
633 417
902 964
697 262
807 889
574 92
316 948
27 267
964 788
715 230
480 666
825 426
826 853
134 892
344 36
13 227
40 829
536 674
187 574
190 679
452 764
161 931
607 178
331 511
792 891
903 685
761 262
875 250
112 976
829 197
922 857
170 962
746 613
925 850
605 318
112 381
850 455
575 822
409 187
376 450
139 494
521 59
792 887
709 401
361 291
676 46
733 11
598 863
159 1
59 320
709 179
270 769
423 285
580 160
11 103
124 740
573 56
607 933
653 933
617 957
860 327
681 844
996 263
444 140
816 997
245 789
142 748
752 995
868 985
150 776
869 96
494 900
531 747
803 590
358 894
15 43
365 82
385 810
933 714
578 325
731 353
865 791
916 661
186 950
117 578
257 868
342 829
470 358
381 793
790 705
702 13
127 398
899 971
151 503
938 879
635 491
183 537
166 329
4 380
796 240
175 245
322 587
770 983
933 57
884 553
857 887
687 332
576 153
5 999
923 364
226 532
235 212
698 676
650 771
391 355
966 477
932 69
2 30
130 203
702 280
89 808
606 775
42 866
866 688
524 14
201 311
729 873
24 391
64 920
323 117
15 587
181 383
789 112
719 755
7 215
135 290
449 575
985 925
750 671
826 247
405 1000
202 394
673 776
11 353
57 35
21 696
651 849
68 741
113 980
424 905
26 965
959 151
359 843
821 82
643 878
539 641
846 575
226 668
744 65
356 271
104 288
968 649
368 373
520 370
39 266
80 313
901 646
265 345
216 265
307 242
218 475
146 76
517 107
645 166
942 536
621 452
777 327
27 96
528 971
486 519
434 162
329 328
630 601
222 29
683 541
836 885
756 780
748 61
930 942
776 280
526 356
329 170
58 616
757 170
116 294
813 648
905 709
871 406
344 937
163 303
914 525
420 454
900 584
316 279
469 253
664 759
865 74
606 470
961 735
678 963
451 377
15 792
491 759
720 830
462 27
409 909
230 215
12 286
107 664
56 726
384 221
332 515
206 28
174 510
831 601
631 661
292 589
188 686
725 960
746 128
694 238
841 366
93 615
190 387
472 676
272 800
560 467
501 807
575 36
215 933
643 940
717 99
9 723
683 917
885 797
376 7
846 1000
560 305
909 646
726 130
587 712
208 859
997 469
981 816
360 934
237 480
899 613
459 42
497 371
425 238
833 249
299 709
826 970
86 271
344 474
217 76
550 190
588 69
626 272
558 661
463 979
672 40
446 647
161 533
293 48
725 850
9 713
195 786
97 768
939 659
779 838
436 870
922 758
469 576
291 928
277 637
79 769
804 354
254 313
109 746
210 835
961 921
84 984
586 38
202 303
899 479
166 706
315 4
443 75
391 171
864 315
274 867
140 888
34 471
137 539
666 144
903 157
962 891
284 787
859 737
162 371
626 684
264 446
310 59
793 19
812 217
940 934
543 91
637 300
675 211
437 172
423 457
816 107
45 343
855 458
757 797
907 277
581 694
341 561
307 705
239 645
205 226
423 47
721 642
48 291
859 173
952 377
76 145
574 656
218 96
770 853
450 122
646 156
703 69
530 509
455 124
882 936
459 121
702 135
418 549
191 390
985 401
159 932
952 198
496 194
596 765
743 894
28 97
798 517
546 802
917 798
888 930
559 201
891 809
32 834
90 38
870 673
62 610
869 882
719 141
359 420
822 772
179 770
127 88
934 950
793 514
204 727
463 122
600 52
396 1
490 420
399 994
1 599
93 201
629 439
23 226
620 222
72 988
337 424
34 392
555 822
516 560
3 415
866 685
996 857
124 519
15 848
767 895
696 480
609 117
93 796
993 790
862 300
444 746
716 850
254 785
646 685
812 189
903 22
747 400
525 839
944 76
388 580
742 149
854 563
512 304
345 609
396 939
870 297
30 416
147 132
60 931
301 755
590 511
60 786
707 493
535 803
256 395
664 312
27 456
617 504
284 473
838 912
216 447
369 236
354 277
725 258
941 837
824 45
476 736
151 792
902 560
482 433
469 30
138 645
86 311
344 402
97 622
593 545
122 812
189 54
265 542
69 512
782 414
273 251
38 261
222 38
593 946
563 230
212 504
752 29
420 205
4 268
60 276
11 536
800 355
675 625
732 614
648 311
602 340
144 22
786 230
862 368
611 944
32 699
861 40
303 155
758 848
616 937
780 18
233 331
396 267
907 253
381 125
64 763
443 521
785 573
832 752
410 522
654 809
580 352
854 899
594 86
776 919
228 936
588 912
547 980
430 696
181 382
368 859
13 813
557 243
393 838
51 798
747 525
696 617
971 657
223 612
25 915
262 928
691 814
674 32
750 271
473 289
741 72
909 669
30 303
38 767
346 960
347 441
575 241
79 258
1000 93
599 239
828 907
12 925
950 639
591 891
891 149
503 171
624 552
164 731
777 100
981 908
84 257
912 540
285 566
204 938
520 154
886 138
977 750
942 648
506 206
70 839
17 73
71 154
771 352
79 703
691 57
297 378
16 414
788 852
880 221
532 830
681 412
719 380
101 693
783 751
937 163
456 292
18 599
701 22
317 585
321 759
149 880
405 486
408 310
253 828
129 492
85 995
824 877
550 795
8 858
98 954
559 539
36 484
96 327
121 756
674 354
422 612
779 942
707 246
923 981
910 953
73 970
919 949
424 205
835 90
746 419
195 443
578 604
385 631
319 986
768 176
459 207
939 185
523 390
981 846
506 302
198 552
678 356
493 444
809 597
661 308
575 122
617 432
179 365
659 55
623 366
277 952
388 487
357 322
915 270
460 465
856 310
40 835
5 651
703 484
104 117
356 657
198 244
994 15
353 381
9 601
511 196
719 419
813 602
600 89
193 389
327 325
13 402
913 908
552 797
183 870
19 769
370 811
886 291
136 547
600 200
174 95
275 772
296 817
188 783
311 115
187 65
620 921
163 40
1 133
915 713
690 299
58 682
816 157
112 878
690 506
975 687
832 575
64 961
525 588
765 652
78 294
100 314
906 117
113 57
11 347
531 608
362 637
401 635
111 154
741 63
119 383
998 422
52 308
218 92
556 900
685 552
393 120
433 955
267 659
592 944
556 795
260 488
890 573
303 330
341 131
30 575
479 117
961 286
262 549
752 389
234 996
181 667
934 491
259 289
26 732
725 478
283 167
946 477
29 471
888 484
792 607
912 612
715 105
58 186
516 110
244 519
887 303
585 581
808 292
383 92
75 871
188 94
995 854
84 31
50 91
715 343
438 530
659 119
353 10
735 681
61 426
407 642
779 385
988 347
461 757
758 885
228 704
214 791
940 902
116 186
720 872
941 60
851 329
83 172
487 694
749 799
901 886
571 195
720 775
349 689
480 320
120 167
319 457
871 780
943 643
603 594
567 55
167 645
902 312
595 182
394 784
300 490
102 858
435 755
293 895
556 187
512 305
324 375
42 704
793 264
261 354
175 814
883 216
752 997
926 503
149 477
43 54
237 629
530 920
324 533
5 698
971 466
256 285
864 610
60 787
480 891
925 61
730 919
734 951
822 400
369 21
961 329
172 752
566 416
950 515
352 832
356 484
798 727
838 544
804 912
518 726
132 21
178 855
450 656
237 312
330 874
60 343
922 630
406 335
541 256
766 849
356 681
69 400
288 473
454 74
912 498
39 932
916 777
566 927
218 825
884 602
956 127
66 757
668 832
948 715
328 500
951 308
171 878
922 42
926 978
463 238
729 476
373 509
893 758
555 789
710 378
849 624
775 776
548 134
839 131
788 757
718 370
831 561
287 789
510 408
441 375
501 273
500 662
157 371
565 630
15 597
200 202
789 126
183 387
96 299
362 622
95 403
400 53
769 482
555 465
116 981
355 695
839 821
367 836
599 121
926 219
711 611
255 807
402 943
76 218
936 108
260 273
206 621
851 888
147 897
366 375
777 26
105 527
895 740
87 427
15 190
660 705
221 917
296 468
631 174
564 101
617 183
109 192
19 296
988 427
155 440
213 226
195 939
758 224
421 469
406 363
246 106
943 432
946 372
404 532
38 294
575 517
465 894
635 358
575 175
607 244
844 746
439 262
222 146
151 114
320 753
891 577
875 196
268 430
95 704
366 883
511 176
22 133
779 570
946 41
70 241
73 83
400 909
40 420
723 233
68 547
712 630
197 59
344 602
149 797
477 258
872 892
575 17
527 375
383 680
3 470
387 951
281 216
500 980
284 777
544 683
305 226
966 729
533 842
572 800
974 244
647 182
922 339
745 300
85 851
487 591
716 923
297 983
542 811
391 773
195 156
140 523
882 510
37 925
276 59
206 828
634 827
693 310
487 813
536 495
554 284
545 359
110 75
207 400
650 42
927 538
570 773
320 520
447 252
158 492
641 715
843 676
825 177
75 318
592 100
973 473
544 850
226 854
554 416
437 556
424 645
605 787
36 562
401 107
353 402
706 406
155 388
908 638
32 201
400 301
40 836
408 808
649 814
479 327
386 557
438 644
592 416
611 156
294 728
776 167
320 99
895 220
580 868
942 391
670 918
505 410
586 469
788 873
420 405
850 478
66 197
853 665
624 255
509 339
905 655
51 709
82 150
62 896
232 567
349 684
847 221
244 390
768 674
54 899
638 778
148 204
223 776
703 562
850 34
680 568
154 989
765 213
488 895
399 509
789 69
320 936
381 349
972 608
778 185
500 637
734 346
967 671
713 580
978 213
511 967
277 72
440 79
606 362
264 797
797 109
156 283
29 3
892 45
68 575
27 494
100 232
66 8
216 421
752 567
414 598
441 724
798 760
711 329
752 390
610 572
458 305
322 320
217 174
860 960
790 683
424 496
425 89
890 143
304 870
628 831
347 940
871 242
726 872
505 84
745 910
860 363
778 817
799 617
624 61
914 433
313 974
23 143
154 458
376 342
900 356
6 710
260 722
709 269
491 788
257 892
701 889
885 204
922 70
511 30
858 888
694 154
435 765
990 393
150 336
912 487
486 695
239 304
422 880
701 603
542 577
154 910
907 196
211 723
339 390
50 623
489 21
664 975
42 943
31 341
704 721
168 653
390 980
689 285
431 992
107 277
676 749
842 757
661 159
369 345
920 23
638 859
309 117
437 418
247 265
564 509
622 303
15 391
471 705
66 509
638 565
566 310
532 130
26 799
407 430
396 26
711 412
35 967
694 618
532 369
97 642
352 257
109 335
668 369
798 724
595 754
494 623
815 371
732 791
967 84
571 983
238 624
956 34
207 483
83 561
753 857
203 376
351 832
959 641
13 247
362 427
70 1000
130 309
149 535
645 498
518 896
939 733
361 593
933 307
58 595
248 317
580 723
589 954
405 351
889 52
448 958
433 46
456 409
20 634
827 890
561 298
10 560
900 885
124 549
72 216
913 518
720 740
353 721
851 334
594 224
701 374
399 388
404 110
964 102
620 640
987 143
825 728
609 285
681 796
228 757
885 740
669 471
820 549
894 370
439 95
954 943
439 677
722 323
411 632
375 24
638 887
34 961
879 107
935 389
892 838
833 583
51 574
215 883
734 769
593 71
521 290
830 308
299 316
801 18
398 384
221 867
939 236
47 923
881 412
677 560
192 509
481 591
672 144
32 63
326 305
454 890
769 990
459 912
223 75
613 767
517 192
265 687
344 112
515 587
218 585
389 630
411 194
131 195
174 871
781 133
732 725
331 8
74 27
495 681
120 693
223 14
526 363
537 594
995 766
946 38
766 703
841 536
490 506
982 224
990 295
611 942
996 928
756 161
520 688
932 100
944 346
344 429
361 504
92 120
461 781
690 261
164 632
56 729
698 776
168 551
99 797
561 48
31 412
234 296
332 909
301 902
627 128
438 289
298 668
836 412
472 44
609 526
994 884
385 452
800 96
48 314
547 720
768 3
254 664
916 507
898 666
147 724
194 234
807 115
939 187
741 251
212 527
801 62
584 698
470 451
833 53
118 57
838 990
360 937
346 708
863 441
635 182
47 812
268 527
674 518
967 143
914 25
18 98
806 11
610 904
350 151
544 486
109 745
123 267
218 557
921 764
227 313
669 690
360 726
916 797
796 827
718 892
974 746
938 580
738 864
796 938
977 472
71 414
511 343
519 906
831 948
153 821
481 128
785 328
292 168
416 525
358 89
123 804
163 958
111 627
168 485
775 706
867 677
542 731
64 694
27 570
896 66
666 159
888 35
372 252
10 347
138 276
379 680
529 621
395 610
145 868
607 828
94 827
777 699
600 518
655 702
707 189
343 418
608 17
129 232
771 585
654 918
91 58
453 703
58 161
955 405
941 666
335 703
267 951
548 524
200 402
299 102
122 719
807 134
853 689
467 889
983 321
290 750
494 374
995 271
27 481
464 325
321 204
123 88
626 81
8 402
265 261
532 873
172 967
217 60
713 903
881 101
131 492
223 114
540 848
833 218
229 818
800 13
967 115
722 990
579 635
156 984
341 340
605 743
684 955
89 525
97 944
973 687
631 951
118 110
999 947
616 515
943 216
241 236
986 701
398 551
24 836
652 382
339 77
984 406
468 303
453 61
19 799
558 880
945 349
774 696
979 10
675 261
269 748
311 954
992 126
205 383
280 938
525 652
927 8
414 469
862 983
441 345
747 929
711 970
253 452
823 984
589 808
615 410
730 704
893 20
141 869
237 976
294 409
336 431
10 32
195 484
712 218
91 183
418 349
772 636
721 28
685 761
708 814
275 45
60 813
537 344
906 329
559 716
485 484
91 853
990 579
364 778
221 911
956 582
961 504
856 722
277 914
329 630
259 763
994 352
332 383
631 117
479 504
669 856
131 835
412 295
189 358
995 918
464 990
908 519
605 963
819 228
889 784
296 458
571 839
827 689
402 412
810 289
979 490
890 19
981 184
784 652
947 72
677 95
255 423
814 280
407 962
106 917
876 177
187 316
376 226
467 28
729 433
6 900
474 768
900 592
38 85
799 354
527 659
25 427
387 716
463 377
582 129
569 806
641 753
36 237
48 211
718 342
504 501
50 897
785 562
702 853
974 158
194 724
361 61
987 273
271 584
733 781
71 938
992 393
497 557
707 910
766 175
125 61
586 561
883 81
872 734
138 14
584 82
488 199
975 534
212 790
737 309
234 614
509 672
534 531
702 401
76 478
11 498
195 337
142 872
788 154
342 115
470 420
113 89
540 762
190 39
427 403
835 302
268 917
565 89
187 815
481 590
726 68
263 958
787 192
570 560
240 179
368 504
421 66
648 154
781 418
985 127
364 12
492 89
511 975
61 44
999 618
529 282
469 467
770 516
72 473
994 102
761 337
815 116
527 874
23 65
979 375
709 674
340 443
966 19
420 115
31 859
753 567
802 250
480 189
10 578
966 317
14 990
219 600
951 395
738 308
611 574
794 66
906 536
515 889
84 678
841 37
14 841
366 520
223 897
742 487
690 258
16 861
455 588
989 278
37 697
404 156
671 62
33 766
552 718
845 887
928 653
609 668
292 728
504 836
259 778
462 731
191 59
263 478
180 297
879 142
77 896
119 261
711 577
566 332
271 96
954 674
167 147
78 538
996 57
635 875
691 557
487 32
927 661
52 113
750 8
860 728
536 830
898 957
886 600
246 315
816 542
784 769
968 681
717 978
158 287
9 135
230 879
275 506
415 971
661 484
501 264
159 146
584 1000
696 162
239 900
368 115
421 503
795 214
762 943
190 652
709 612
156 868
52 693
643 266
350 438
633 698
471 747
307 353
218 957
535 409
655 931
459 618
94 610
581 459
122 288
766 585
307 909
16 509
136 963
883 687
974 538
426 980
743 363
504 224
624 241
559 373
887 904
68 304
73 478
220 155
997 637
125 274
309 603
980 508
430 533
159 334
892 112
722 541
318 842
389 309
816 111
798 147
103 605
234 412
2 518
326 338
704 660
854 666
324 685
788 124
147 364
314 391
25 584
281 758
431 556
660 54
642 713
539 815
187 74
464 439
873 797
165 449
682 829
310 746
952 91
424 724
652 932
982 395
413 516
610 570
536 905
510 171
739 130
960 597
10 240
302 388
928 51
492 18
519 741
408 919
575 377
340 174
527 250
985 183
696 190
298 129
956 880
361 296
633 741
226 21
120 528
781 379
32 838
487 158
648 432
342 726
947 269
608 515
42 740
899 430
157 543
211 6
799 636
140 58
850 339
758 840
2 819
232 510
50 779
715 519
510 129
704 308
153 50
301 154
508 418
2 748
139 80
803 57
306 707
401 937
974 50
152 229
150 432
985 795
73 677
595 808
565 382
68 1000
312 346
919 905
690 959
733 770
397 927
91 182
970 628
57 10
609 284
196 74
1000 214
312 184
955 670
284 422
679 111
829 819
55 817
43 969
621 220
221 910
576 675
811 460
649 57
703 202
173 811
318 172
303 216
217 31
713 930
481 334
365 367
562 605
501 351
861 719
401 49
566 856
153 688
481 259
360 291
502 187
359 742
910 210
416 658
787 901
717 764
652 573
815 83
486 751
123 675
876 35
913 47
936 472
406 428
881 599
504 826
749 700
927 808
403 874
135 951
13 471
666 387
480 146
960 236
836 428
641 583
443 590
852 281
818 345
784 73
489 213
202 754
560 992
98 547
138 346
157 558
876 630
108 864
489 503
91 327
251 541
825 734
590 990
628 149
811 991
869 173
337 84
836 442
855 398
987 62
163 592
204 316
116 976
266 427
927 914
329 981
146 645
110 178
883 747
464 480
318 824
470 74
953 92
935 20
481 867
636 509
752 738
481 988
630 952
53 372
133 204
246 335
341 41
17 291
273 953
285 233
772 405
79 613
653 662
913 233
574 232
188 291
761 487
868 397
174 762
948 485
973 886
500 492
1000 940
967 344
435 379
607 241
365 518
496 512
387 508
163 302
10 865
675 529
804 331
329 58
827 791
178 442
516 470
956 141
280 598
478 601
139 301
859 641
766 268
714 427
31 768
738 309
520 608
64 684
227 808
752 711
417 572
183 173
96 125
279 638
391 96
965 139
270 851
128 824
591 193
542 927
160 649
451 154
513 139
860 230
428 655
392 588
284 505
253 395
113 568
997 561
210 446
893 219
531 584
129 940
4 584
370 56
405 535
411 582
649 993
293 534
313 168
361 279
777 857
405 632
924 920
730 987
950 684
351 433
703 44
523 442
589 743
838 845
655 137
454 954
679 55
845 267
385 789
958 122
843 822
166 89
350 778
702 164
1000 347
35 878
911 977
990 826
739 246
668 42
136 491
711 132
491 481
40 839
350 36
334 937
578 219
669 688
675 815
416 730
517 364
166 394
740 635
924 354
159 253
505 46
507 648
449 847
738 4
743 277
107 63
415 270
199 615
35 418
420 400
187 359
995 540
447 953
585 792
515 101
590 555
330 357
918 98
926 553
728 816
641 655
275 889
662 103
224 95
685 190
451 236
120 32
852 337
987 442
914 780
58 474
719 995
63 591
522 476
671 908
918 831
868 638
437 951
675 520
94 994
598 153
742 226
857 17
703 797
389 325
233 835
422 279
47 654
128 320
30 378
459 286
367 889
15 477
130 889
773 129
327 982
836 103
510 994
114 315
42 44
469 43
626 478
661 685
668 159
118 322
191 530
978 992
622 850
50 373
477 786
174 818
782 941
343 841
351 845
278 220
526 438
395 912
306 45
90 854
844 557
558 775
335 394
27 845
601 352
361 523
163 285
308 850
900 638
904 633
330 47
541 892
304 421
306 271
606 898
864 365
704 134
994 22
690 489
448 964
250 592
128 28
828 383
978 428
486 159
701 600
832 745
746 35
893 816
713 186
822 500
551 654
898 284
522 400
760 123
297 899
20 933
9 271
524 469
358 647
436 853
916 95
450 499
20 654
564 585
512 420
670 25
739 741
725 954
392 354
394 464
152 476
324 529
860 611
642 682
42 494
116 659
677 648
143 108
683 107
152 721
248 934
256 575
955 895
854 99
179 425
199 90
381 787
184 337
170 364
579 968
449 179
105 817
765 901
878 724
666 972
939 560
984 167
622 729
628 798
312 612
596 508
559 232
526 483
32 867
452 532
787 723
3 34
268 50
421 625
472 719
888 284
227 593
356 907
734 160
442 352
432 278
984 739
892 948
292 226
828 428
956 135
979 40
486 40
306 386
110 644
193 683
426 719
857 539
36 382
475 182
671 892
318 576
63 645
324 433
16 898
224 869
851 448
266 118
713 295
438 344
944 253
263 359
289 936
458 801
820 805
578 622
206 855
501 845
580 605
109 376
366 25
132 433
519 199
561 981
419 795
819 723
206 625
924 804
913 476
972 24
952 6
639 798
911 79
90 377
843 781
277 943
62 44
624 596
32 50
394 697
161 658
889 226
532 303
964 874
731 609
630 273
652 595
598 243
734 467
827 735
876 347
231 335
982 525
291 906
354 221
475 339
83 300
312 879
250 327
549 55
532 827
771 5
245 448
616 748
527 576
650 725
749 560
914 519
865 211
699 22
6 653
796 615
582 80
219 602
845 642
999 714
519 577
442 247
687 511
983 532
253 823
950 869
664 620
516 757
900 852
334 40
762 788
449 834
266 776
528 171
175 696
275 570
223 784
828 662
868 603
491 307
63 955
157 418
656 271
306 648
186 466
738 647
542 815
447 425
202 856
738 710
833 774
396 872
932 906
413 491
507 496
648 636
388 831
9 166
172 918
730 984
933 581
61 650
302 652
393 208
378 510
416 31
234 890
329 722
829 645
993 985
796 370
355 2
69 784
180 223
364 844
921 935
938 15
705 776
522 718
136 29
504 695
891 37
572 577
659 757
951 775
581 818
420 812
94 159
299 985
283 508
38 296
216 9
951 549
203 261
938 688
265 938
395 631
692 967
287 429
605 418
844 522
873 743
192 161
447 811
196 617
184 837
331 566
848 569
979 130
498 488
770 187
782 923
813 375
5 842
562 57
378 630
549 269
400 892
811 776
184 931
704 298
836 384
34 465
272 326
684 379
560 937
318 905
533 874
632 43
685 95
318 536
301 854
565 569
901 519
873 80
747 571
258 168
144 702
347 169
738 794
958 987
544 891
889 670
138 196
551 856
411 549
945 557
531 724
753 484
521 494
933 720
741 139
372 802
319 997
780 767
214 5
829 568
561 622
510 713
216 425
274 57
199 465
777 86
815 490
981 990
18 50
436 293
482 423
49 840
898 878
485 816
427 247
200 928
455 408
536 570
296 319
463 957
565 433
70 881
460 617
501 729
763 376
845 506
88 48
141 26
490 652
135 572
467 148
821 761
550 265
109 567
538 449
369 650
210 654
447 847
366 392
969 459
696 929
794 230
525 86
28 594
59 446
220 202
681 360
106 225
750 846
624 275
741 521
922 245
962 806
390 327
357 816
151 515
177 394
750 825
861 480
664 932
112 673
810 942
673 682
466 872
133 624
836 49
725 21
517 666
25 776
923 995
380 964
586 619
100 475
910 634
512 421
290 303
932 962
671 711
521 441
439 754
722 490
7 910
549 583
48 709
130 176
109 292
972 870
419 894
976 97
759 366
523 372
686 800
821 71
768 381
243 723
220 882
702 218
423 815
228 325
90 723
449 400
786 881
713 983
402 102
133 214
706 56
428 839
678 946
716 65
421 171
42 144
668 252
673 274
782 108
86 329
145 153
623 530
402 264
61 5
687 817
395 721
213 186
48 437
757 957
494 845
61 118
145 443
277 590
424 14
335 504
597 917
434 923
527 31
469 820
32 578
842 127
199 558
719 279
44 493
135 966
546 875
286 438
258 399
797 858
72 845
167 714
435 733
1000 682
210 39
853 959
379 740
62 765
548 131
181 422
292 961
577 949
29 530
381 63
589 506
879 863
510 413
742 216
245 976
543 25
966 912
479 293
59 660
8 898
206 805
211 977
656 706
731 134
806 724
698 453
367 210
152 481
299 18
599 903
342 404
271 920
552 898
884 479
262 821
624 800
164 995
4 884
976 77
247 414
285 893
693 96
270 211
952 422
242 314
740 13
282 741
781 765
708 547
916 688
791 548
683 231
136 98
621 399
14 71
251 554
71 114
790 740
688 654
139 786
17 434
255 358
645 304
796 188
304 802
341 265
917 848
627 183
98 46
10 924
583 245
397 184
734 99
992 526
349 159
410 5
678 220
219 703
990 152
828 83
396 455
199 530
19 856
991 630
745 612
248 204
747 18
70 261
975 2
547 267
288 934
917 389
3 477
154 851
642 188
275 573
120 659
814 870
564 893
786 735
158 906
750 608
382 356
21 402
370 340
278 547
873 123
674 380
436 671
807 440
423 435
637 99
51 832
652 433
659 385
459 487
955 506
371 755
910 547
665 641
582 716
800 680
906 196
91 865
276 917
632 571
392 138
194 106
927 662
217 955
551 106
934 374
460 233
208 850
318 813
857 331
252 651
824 124
199 140
865 848
882 782
294 96
173 881
947 886
285 611
507 831
143 769
61 988
214 202
523 747
601 255
250 23
195 906
147 751
294 834
761 385
122 77
770 999
443 757
407 918
134 938
908 857
343 788
329 254
404 648
758 65
28 472
486 772
343 901
804 361
398 766
112 329
921 403
528 347
412 814
491 815
737 971
404 31
900 555
150 222
831 994
40 276
849 546
166 852
234 86
456 36
183 179
576 277
171 587
372 248
575 9
582 351
801 33
145 856
118 483
336 665
263 136
819 808
713 365
141 748
806 818
457 559
189 788
815 960
228 878
10 185
794 187
824 621
445 763
910 927
897 272
495 321
333 422
480 998
797 503
564 486
565 843
638 691
414 953
720 236
920 990
189 615
116 697
155 571
381 555
185 256
204 36
289 290
199 227
406 603
136 171
890 438
198 409
420 611
521 88
808 524
791 733
226 929
710 407
257 651
724 279
327 65
990 54
580 822
767 288
736 604
910 518
352 141
102 385
196 590
32 551
454 258
628 585
511 375
774 813
995 570
524 828
924 53
107 426
552 77
606 896
64 359
596 539
823 129
145 538
607 638
702 978
940 867
957 603
228 605
859 597
552 363
2 852
171 695
228 556
448 740
31 451
162 430
401 942
272 562
404 87
760 125
735 292
82 409
7 19
746 176
180 574
385 225
533 254
418 230
521 559
670 828
461 132
107 788
661 267
564 506
394 478
860 637
613 915
485 480
747 981
363 664
717 181
789 536
60 664
80 198
299 356
247 42
854 502
434 453
394 26
894 791
155 293
936 756
569 247
422 253
995 13
743 667
156 905
52 842
236 223
652 681
796 238
415 541
154 593
661 929
580 923
464 865
835 882
722 182
537 968
573 26
131 123
518 901
780 340
766 565
306 207
400 8
629 483
919 99
795 433
444 321
482 908
871 362
28 512
162 526
89 534
736 471
348 741
850 419
390 518
373 342
257 851
314 804
353 778
802 561
614 712
989 157
721 551
154 892
138 345
653 358
16 885
950 232
955 411
516 674
901 956
405 173
673 693
232 224
214 535
570 311
400 611
830 958
955 243
974 13
43 477
524 765
444 884
785 848
661 77
464 197
998 262
232 161
929 269
418 266
276 156
385 146
105 326
712 250
835 244
891 595
903 572
664 492
994 591
638 662
816 743
731 468
852 704
190 43
137 189
949 262
627 660
973 384
454 895
64 979
826 674
79 614
43 724
393 485
70 815
736 951
327 148
554 232
826 789
331 337
999 614
502 154
839 249
164 311
916 774
539 197
631 891
778 867
856 127
451 805
342 674
734 96
460 953
763 400
800 390
675 530
118 605
538 336
771 7
128 947
376 403
710 8
748 658
219 559
461 550
837 155
895 405
491 979
185 732
999 443
361 483
750 775
179 654
932 496
334 46
137 978
64 734
512 546
881 837
664 925
519 353
962 670
279 744
214 563
992 425
354 846
903 87
836 375
157 337
713 449
197 560
797 17
110 371
768 292
774 192
770 88
39 226
1000 130
525 771
105 290
217 664
973 469
829 929
276 807
975 871
393 69
859 246
378 324
642 656
989 191
635 218
949 489
327 453
293 373
179 370
455 33
934 431
742 473
321 5
913 313
648 772
619 593
247 816
639 530
97 64
204 965
832 294
170 693
431 174
696 277
970 156
398 989
990 91
773 78
813 962
268 505
830 49
622 518
138 572
499 946
313 948
486 188
960 9
580 866
136 603
853 306
135 63
918 502
867 458
466 465
672 748
692 743
896 720
537 674
353 961
304 267
620 769
69 5
934 767
799 183
822 380
537 508
280 851
861 267
149 127
426 532
499 246
797 547
814 643
889 822
537 30
224 815
105 252
270 744
819 856
254 931
915 921
972 670
224 670
613 156
923 950
577 762
33 504
788 120
661 246
958 936
542 43
764 143
883 169
397 968
769 349
366 471
315 791
229 869
341 795
432 713
660 929
860 110
869 341
341 140
568 192
436 295
791 623
973 584
722 840
212 270
571 961
551 367
347 821
78 903
227 459
108 62
36 675
795 143
166 346
259 452
957 619
947 115
455 696
408 697
425 893
689 536
562 358
193 457
344 843
519 852
630 121
957 263
853 726
601 357
585 936
857 659
126 264
499 662
453 201
127 934
40 354
684 152
387 727
763 678
585 138
548 26
804 108
954 337
242 543
41 600
888 469
906 732
763 791
802 925
931 99
438 81
916 120
131 619
480 327
542 587
926 298
220 409
646 677
177 636
162 115
979 732
694 177
257 306
594 509
613 303
461 50
137 708
898 760
727 315
609 728
82 696
524 423
102 703
34 951
185 65
539 926
370 127
78 436
225 832
246 554
570 852
756 575
722 635
831 47
544 615
918 656
484 858
838 889
632 399
15 50
459 140
449 406
855 810
734 585
916 670
96 817
971 575
18 617
411 420
751 730
256 673
795 884
778 618
818 559
69 615
929 654
434 895
389 540
429 607
35 696
53 687
292 297
135 653
184 874
362 405
295 770
187 706
486 882
748 97
149 642
442 508
539 6
192 235
529 236
16 57
897 576
736 488
438 864
974 598
441 826
335 24
466 409
19 11
438 787
535 163
376 86
387 226
827 225
891 318
18 379
963 481
876 626
897 915
789 165
663 716
666 208
336 723
84 621
766 65
215 197
716 878
680 428
205 495
831 399
499 174
851 453
873 413
712 29
309 433
916 143
183 408
367 111
149 280
157 253
661 189
440 303
683 285
650 430
523 180
393 991
736 268
471 370
884 473
522 100
707 32
930 257
493 103
812 733
63 469
726 383
708 926
233 570
622 188
76 770
616 117
137 188
730 229
812 515
688 561
283 247
752 452
808 566
844 428
900 110
653 658
322 386
655 452
217 232
273 78
957 252
445 456
446 611
564 129
378 925
30 866
434 91
472 474
334 35
739 444
282 167
732 723
70 974
504 858
535 481
280 555
481 126
962 885
709 318
912 208
896 757
456 300
272 496
607 544
899 379
120 8
407 560
836 966
931 938
665 127
994 287
25 59
353 646
997 725
524 43
861 294
516 647
920 264
633 319
482 107
928 787
604 72
882 505
869 205
565 708
712 136
17 822
258 836
318 300
502 537
254 805
752 804
204 435
707 28
687 810
251 904
608 439
882 42
593 421
521 320
258 558
467 720
433 992
620 383
437 988
87 580
878 433
267 1
518 262
761 677
601 844
638 911
683 850
942 573
155 413
562 752
818 838
891 772
879 555
288 425
25 791
352 732
324 280
515 843
535 404
307 448
614 695
738 865
463 105
503 522
207 116
690 110
178 346
197 78
568 558
328 307
201 11
19 886
774 726
741 897
614 401
314 274
634 307
174 538
6 41
771 768
331 777
600 494
395 52
36 290
96 29
629 877
41 652
979 850
908 366
146 773
733 223
793 26
499 249
716 950
493 491
25 817
501 992
149 409
216 880
381 342
110 268
555 385
594 425
116 997
928 541
216 799
566 3
508 95
595 625
875 192
265 220
734 816
756 548
991 639
360 237
420 655
893 231
82 902
87 507
769 638
534 830
578 486
209 521
772 461
929 880
787 142
437 521
773 943
811 372
780 490
341 493
795 792
27 178
635 473
882 530
611 80
459 815
723 618
226 636
505 93
801 536
822 866
568 381
752 234
403 996
501 9
598 425
303 775
35 509
87 940
862 498
169 359
852 44
818 76
396 58
291 212
18 516
741 852
135 991
157 803
304 345
965 924
936 174
866 819
426 906
712 693
733 1
770 13
395 870
409 931
827 53
760 16
957 970
428 24
823 929
506 290
349 570
617 794
788 956
780 939
26 864
381 378
312 243
424 889
405 986
389 421
21 574
393 930
674 21
660 96
480 900
581 546
192 434
899 566
829 1000
5 230
178 666
75 366
521 152
906 450
925 422
924 226
174 513
90 272
562 186
792 532
665 778
711 187
41 477
575 664
339 672
947 33
2 464
972 436
404 403
244 611
904 940
779 808
982 741
452 528
146 127
387 958
439 314
26 333
796 889
376 266
179 873
348 880
221 510
24 934
421 748
624 484
80 802
525 230
709 345
601 320
383 350
828 57
562 951
796 543
46 106
888 387
156 932
390 663
746 865
785 411
953 713
392 887
33 635
451 276
713 201
91 301
422 919
23 620
906 832
853 813
654 822
206 107
314 247
833 909
126 659
289 819
58 240
168 848
134 69
851 437
245 846
748 768
350 727
25 922
212 796
525 797
911 260
218 109
833 600
797 445
618 650
454 255
52 244
470 79
56 239
733 715
898 800
906 279
265 101
94 150
728 322
924 414
473 458
271 187
990 545
591 834
795 565
514 983
592 15
459 56
351 126
152 928
688 562
748 898
179 393
198 487
660 696
352 979
313 595
922 547
354 161
9 842
485 885
161 519
146 213
311 525
293 2
576 930
259 398
647 867
27 122
766 885
13 131
827 723
511 90
60 226
350 490
748 55
731 771
92 563
168 67
494 991
905 610
376 294
337 87
361 566
164 23
330 251
850 498
120 811
11 652
672 706
636 755
909 171
782 651
819 97
171 834
499 337
83 14
671 881
305 56
69 47
54 669
149 903
519 95
444 581
541 977
456 11
366 530
702 1000
618 155
546 620
824 886
716 828
827 125
423 334
564 580
856 53
841 809
491 640
93 716
439 992
426 449
635 623
137 690
394 35
417 130
769 85
419 588
774 198
977 767
64 877
817 353
278 171
513 936
788 102
20 200
446 230
942 386
877 706
713 545
473 260
74 561
755 154
333 345
971 402
261 308
366 424
632 574
206 593
445 807
69 907
87 470
273 894
436 222
440 153
521 208
703 184
1000 305
449 93
530 286
566 608
308 400
460 379
924 42
677 430
425 101
674 624
288 315
408 624
970 267
74 324
486 964
574 137
80 573
725 35
601 109
602 734
127 217
737 637
511 126
960 412
561 886
100 647
726 695
239 864
60 117
788 881
728 899
98 275
5 210
413 756
32 653
475 423
349 386
116 435
693 58
984 735
838 206
970 862
292 806
849 551
242 203
176 983
339 261
269 594
399 551
521 965
633 361
561 452
585 462
880 702
457 579
670 289
6 798
387 808
292 429
471 102
812 664
183 338
186 498
149 238
977 421
943 525
30 35
215 125
719 701
579 262
228 248
564 626
124 441
217 585
548 523
806 531
574 527
21 661
703 873
924 586
157 85
346 30
20 339
649 293
280 384
105 429
52 172
185 261
312 906
1000 414
924 180
293 279
668 357
27 407
696 847
916 619
165 365
792 569
943 274
325 535
914 116
806 46
113 325
490 246
540 990
118 246
748 857
904 147
329 445
792 727
105 693
279 27
165 912
331 488
809 553
605 386
442 486
978 756
316 499
376 350
504 147
494 53
309 886
960 889
365 858
853 581
395 885
658 565
684 565
365 342
461 748
101 581
103 187
710 993
491 925
447 259
357 828
68 161
514 7
399 571
96 58
666 250
758 620
246 507
896 331
827 421
96 169
426 502
889 604
364 53
451 89
445 683
160 549
569 719
313 9
793 279
388 989
832 495
160 916
12 653
198 828
632 408
560 405
618 663
839 73
74 841
751 913
43 958
302 857
674 244
697 77
146 445
184 120
706 133
752 587
489 891
218 347
635 134
105 44
117 760
834 144
433 521
934 159
313 679
425 957
606 282
635 484
429 605
697 521
916 877
166 324
438 83
416 519
400 252
314 606
294 536
960 452
465 922
391 438
619 825
984 458
109 957
531 511
260 996
424 129
508 655
272 85
623 978
149 753
944 551
747 42
842 202
236 557
76 986
783 947
6 964
172 468
45 98
945 677
31 19
897 913
21 9
519 382
576 336
225 422
390 438
232 390
380 774
896 343
246 211
112 848
594 76
558 339
851 455
121 742
103 530
840 84
750 571
792 217
850 769
438 349
884 261
854 597
659 617
876 929
806 712
733 552
863 905
223 622
800 529
376 643
158 223
694 957
643 957
909 34
333 363
228 7
618 651
961 997
517 813
185 460
169 951
612 493
761 941
95 533
415 836
191 226
268 829
833 377
265 501
857 371
105 758
750 230
74 591
184 131
645 26
782 221
636 734
479 780
330 804
627 518
4 37
776 86
705 976
652 761
503 451
52 809
455 348
482 218
246 99
304 806
359 256
895 850
156 654
838 438
253 654
161 864
400 216
469 652
221 336
546 828
350 364
577 440
692 927
474 140
115 578
741 794
634 426
512 872
841 232
452 439
975 153
887 957
799 335
288 843
978 342
291 124
310 264
261 860
528 17
358 4
757 322
353 644
339 473
802 744
110 532
516 641
685 118
736 50
918 900
167 341
903 80
137 689
101 192
67 432
16 626
797 382
615 475
64 372
624 327
997 151
502 543
180 279
623 45
773 262
332 250
117 892
119 929
681 640
318 445
782 492
587 628
700 845
972 938
132 289
613 936
691 562
388 90
445 151
561 726
251 232
59 75
705 771
298 363
942 976
318 424
181 574
994 291
557 947
942 579
320 350
70 782
449 875
494 670
334 947
207 419
838 594
984 100
468 61
216 14
783 390
933 21
352 734
739 474
249 74
689 235
518 832
173 305
912 175
325 118
538 281
207 118
391 271
230 317
654 435
396 487
254 439
567 206
989 32
319 479
684 594
617 625
652 176
549 264
664 734
112 555
216 254
357 775
827 43
974 174
480 446
577 960
817 81
451 239
968 451
733 221
558 503
771 221
379 529
414 112
492 784
612 609
155 864
944 43
502 571
305 487
463 836
141 970
806 528
309 24
789 814
848 294
601 205
247 316
898 886
741 182
412 611
962 165
765 272
886 524
202 128
829 676
522 796
815 497
63 780
850 191
364 941
995 21
608 206
307 55
294 787
888 830
351 198
804 580
535 724
238 716
773 696
236 74
502 193
622 694
861 902
481 370
184 520
277 565
459 702
504 805
486 853
696 419
554 961
974 718
518 812
596 196
689 622
286 716
951 298
112 361
854 173
301 497
68 396
286 607
862 274
495 975
941 161
488 535
234 39
185 537
541 920
728 641
803 81
197 834
842 393
3 537
319 499
709 167
952 602
71 958
3 678
958 670
337 208
928 861
742 128
746 207
401 716
54 134
518 241
498 52
940 163
544 924
176 304
438 396
712 194
342 397
494 56
663 873
82 582
211 790
750 489
74 114
493 128
755 341
25 734
393 130
983 381
677 690
56 68
19 56
800 601
132 460
223 184
248 940
9 114
912 781
972 998
207 724
579 801
342 841
809 804
579 974
216 168
218 634
757 535
540 35
43 637
796 85
890 168
429 604
240 640
105 964
455 264
277 728
39 969
44 821
117 281
850 457
966 156
235 930
809 87
166 468
300 606
482 793
301 307
175 366
322 718
168 248
387 278
781 122
396 472
325 78
897 581
550 697
594 521
425 632
618 746
35 249
884 834
81 619
723 53
392 889
28 849
488 898
324 40
328 43
998 216
631 331
432 249
825 630
842 572
36 459
992 385
388 668
68 618
957 266
684 541
777 580
959 340
745 88
539 925
513 66
114 185
977 125
94 494
817 468
345 507
678 535
219 478
39 75
371 651
968 189
847 158
237 206
280 505
688 470
122 638
711 490
700 793
972 22
746 847
759 510
363 715
691 582
89 152
668 358
187 807
151 960
133 309
763 217
48 802
986 936
734 330
184 150
244 722
105 928
198 135
438 694
809 34
978 923
212 711
743 409
630 53
154 408
176 624
749 104
362 263
316 436
477 480
49 343
340 306
782 649
75 519
182 324
310 265
477 280
136 784
546 763
625 838
747 270
974 851
339 472
267 87
909 540
768 720
769 137
879 722
771 967
479 672
45 214
346 375
236 839
522 338
82 349
138 91
546 332
820 659
432 884
436 868
988 857
185 156
563 259
4 253
86 748
425 64
971 694
20 202
349 770
85 556
697 170
695 499
931 177
326 431
985 786
511 599
826 497
809 903
873 954
820 215
267 753
161 342
878 453
826 608
848 232
542 380
156 47
577 99
144 751
473 85
47 823
104 407
825 409
75 22
956 757
95 91
939 481
815 306
96 241
178 789
674 654
217 201
74 322
667 507
299 991
10 87
753 792
37 47
567 482
500 463
905 563
190 519
175 177
567 755
398 592
203 695
519 876
813 591
444 150
66 640
106 981
801 851
218 967
352 317
957 336
515 792
600 880
675 643
69 112
842 712
272 158
666 450
852 489
52 459
619 46
903 256
174 324
367 349
538 939
276 806
174 439
969 346
474 661
276 147
23 662
401 854
128 138
20 904
58 199
793 136
673 994
710 583
627 103
920 5
120 483
122 505
695 422
842 854
885 852
66 380
673 204
244 821
437 451
479 856
725 528
915 232
130 880
596 803
652 973
82 901
564 257
783 33
52 93
860 692
682 180
97 205
133 252
928 220
301 758
830 567
114 645
759 87
873 688
588 925
739 27
188 371
579 610
550 669
912 607
325 934
507 591
861 532
454 202
496 476
633 749
260 791
317 194
286 787
878 541
662 734
293 169
95 349
84 986
670 873
801 654
236 293
929 3
59 484
248 299
213 627
73 128
202 484
153 792
886 282
124 821
514 227
771 208
168 315
279 473
488 536
864 467
385 46
411 666
336 604
444 527
894 19
785 589
418 942
71 808
112 679
719 972
882 126
851 188
873 276
567 977
219 166
668 993
211 586
620 662
487 905
129 195
530 785
396 863
950 466
642 899
256 202
275 342
132 565
333 500
760 864
780 565
927 934
768 85
322 137
957 513
826 343
954 768
95 590
940 307
617 202
600 952
332 3
388 253
262 722
431 697
329 771
989 181
540 751
9 113
834 51
910 265
473 28
75 496
701 412
574 922
481 569
539 574
484 676
490 953
952 238
181 708
40 1000
991 55
247 839
805 319
436 438
278 401
762 892
361 829
568 429
805 384
58 775
410 148
888 970
830 813
135 649
706 327
654 223
588 822
17 334
97 836
248 472
653 989
876 170
624 83
331 615
541 680
871 353
908 237
925 777
395 770
1 399
398 699
900 601
334 309
460 976
615 924
913 947
638 455
451 507
602 857
417 703
642 432
310 290
992 821
847 121
979 49
818 521
637 533
586 245
366 629
519 747
328 121
585 59
76 698
172 101
64 638
343 396
128 195
699 156
632 105
704 566
79 438
542 826
430 708
271 704
664 164
422 628
725 773
318 677
817 378
634 637
16 679
703 850
426 266
933 729
310 904
225 864
501 711
502 672
104 15
176 428
765 358
877 876
824 264
222 117
590 371
61 639
998 756
268 831
254 842
454 598
865 989
136 153
816 619
194 435
359 975
948 88
181 695
735 368
132 109
544 799
765 569
592 145
518 681
867 25
743 698
359 685
895 975
368 64
459 795
98 185
759 140
320 227
670 647
486 560
71 142
80 520
790 454
112 212
476 365
780 933
526 369
423 445
410 190
439 57
705 387
780 91
339 253
681 18
404 839
831 888
742 269
777 260
914 800
376 229
908 326
513 274
284 632
540 243
354 984
318 615
986 260
201 431
789 54
93 713
353 612
724 605
765 183
358 759
859 958
641 103
976 882
794 527
209 101
101 95
319 232
105 148
911 500
200 352
664 47
812 415
392 338
690 895
358 977
643 234
551 770
955 609
939 36
688 356
587 630
159 657
116 722
209 400
797 15
547 568
346 859
754 108
80 131
561 724
907 928
485 692
416 901
649 121
796 504
504 702
247 158
714 593
365 303
477 661
831 724
27 170
523 737
49 950
601 193
70 780
731 578
489 600
610 881
296 905
305 669
947 26
79 871
315 162
209 374
182 765
20 368
430 503
288 540
681 91
114 802
98 447
505 423
624 155
308 779
274 946
704 917
280 523
832 72
425 550
559 399
581 323
49 370
840 579
179 979
202 336
617 631
210 967
838 205
399 691
311 71
741 542
852 345
431 605
672 975
548 114
876 551
846 379
629 873
421 788
940 772
436 603
770 327
420 685
702 794
248 903
650 689
408 60
689 413
216 965
274 797
436 714
3 733
958 627
441 654
688 83
889 566
509 797
774 161
407 417
25 934
105 368
162 217
825 911
897 362
458 864
484 988
750 467
468 689
823 541
129 561
942 851
427 308
352 420
817 620
329 870
972 968
95 779
78 639
186 913
640 338
419 937
167 319
958 30
689 176
955 984
460 410
669 842
647 37
144 603
697 641
610 930
347 776
739 26
467 447
160 277
913 169
438 716
166 351
272 71
514 559
536 735
440 946
207 310
402 153
206 9
527 995
126 418
201 969
308 939
145 420
187 298
689 620
905 703
928 28
421 581
995 544
139 284
984 271
69 83
573 569
408 459
842 452
90 757
842 292
348 61
258 341
689 223
853 932
927 109
529 950
523 678
515 359
370 436
617 653
500 791
345 850
992 487
722 48
980 648
437 147
241 562
936 750
376 728
975 663
281 447
944 201
67 394
552 748
141 923
336 409
693 371
87 196
915 809
935 410
404 290
906 236
873 855
431 715
858 165
812 824
406 799
544 636
651 688
599 222
869 953
38 874
55 776
676 588
556 755
740 16
388 141
9 112
356 281
907 923
657 588
128 142
248 797
599 316
877 58
815 150
199 82
994 374
48 824
251 259
400 465
18 928
899 825
994 489
416 690
818 699
726 784
288 409
87 878
190 589
874 738
800 257
455 667
349 180
576 888
852 221
13 125
767 450
74 125
383 501
130 443
494 950
114 935
567 939
438 869
610 394
547 928
460 977
33 797
819 682
982 842
839 599
809 384
404 940
376 91
231 999
760 193
274 730
699 46
386 405
495 262
11 32
448 710
840 200
769 220
733 771
241 589
538 787
690 630
285 306
603 315
537 217
96 295
744 499
797 663
787 779
854 616
565 747
837 630
452 404
272 818
964 561
648 761
25 926
510 700
252 41
4 748
191 158
51 523
334 672
270 299
984 432
94 623
80 9
816 669
765 726
21 119
52 103
948 523
411 768
291 776
601 943
285 999
34 553
131 385
425 252
173 774
834 64
319 536
105 644
218 429
998 792
499 872
170 328
467 390
901 658
265 886
199 967
346 521
855 215
338 617
100 536
52 731
455 750
828 147
520 45
62 596
959 686
728 144
982 517
677 121
435 322
224 511
919 44
979 257
111 327
819 488
92 702
956 23
226 308
939 88
103 30
947 526
520 922
426 905
903 393
12 965
100 212
595 431
390 375
83 131
763 869
103 252
550 901
440 916
888 18
861 289
405 203
615 246
712 943
822 436
36 489
789 53
451 479
867 993
582 532
806 664
328 807
682 666
223 574
115 417
82 746
154 751
837 618
91 88
534 602
95 624
298 786
355 735
30 485
369 495
632 467
872 450
138 778
53 189
346 937
275 111
423 799
318 51
928 323
512 130
851 904
111 472
636 137
839 292
40 530
238 981
505 606
583 803
970 420
62 688
773 872
797 966
961 216
355 377
377 401
213 891
783 387
326 42
536 708
442 607
338 476
787 151
369 742
795 462
265 803
441 489
435 463
918 392
352 319
297 466
303 146
37 400
735 713
171 930
542 695
600 324
913 665
696 54
789 262
798 495
738 494
922 153
119 921
28 868
504 327
489 148
64 560
85 906
125 409
828 690
922 443
195 215
927 174
170 293
190 478
869 613
132 813
552 547
737 505
223 530
794 608
209 64
154 707
488 9
821 329
761 571
385 573
205 148
208 120
688 178
599 68
530 717
12 884
587 900
995 427
264 777
742 596
79 525
858 113
967 945
204 35
132 256
333 641
669 39
618 593
14 228
74 563
475 592
4 986
869 54
797 131
303 206
513 628
308 368
995 22
799 942
736 902
296 295
445 410
174 712
605 764
217 299
203 328
246 174
50 509
213 799
221 356
888 543
248 446
676 488
326 161
432 770
95 492
903 563
761 128
444 180
59 112
625 593
308 859
148 688
900 615
774 189
634 481
637 926
980 785
23 497
984 42
797 846
943 129
463 366
177 49
766 333
750 683
241 838
171 543
689 222
547 200
548 151
732 212
880 591
296 528
913 796
693 559
309 310
935 550
662 378
387 776
251 523
159 276
164 185
570 397
241 561
461 44
141 922
328 895
717 507
7 881
232 219
195 465
159 586
343 185
698 408
347 314
609 579
441 945
243 509
742 993
854 303
837 947
677 814
111 306
39 49
422 443
351 355
685 639
621 641
497 459
61 714
213 511
961 964
296 485
424 698
406 638
977 978
83 991
393 353
857 132
674 978
549 710
640 686
94 317
222 502
665 781
869 597
485 860
865 514
402 256
298 433
227 493
981 220
506 188
434 177
226 207
155 557
526 488
31 586
161 856
127 157
204 666
987 581
391 434
999 857
378 869
988 494
145 332
409 247
463 44
356 956
268 14
145 733
678 449
771 161
663 119
379 926
162 632
776 628
847 123
836 1000
951 41
20 765
718 460
828 276
831 769
358 495
146 823
607 744
793 36
803 479
953 430
127 567
590 949
591 356
189 996
449 927
67 472
216 958
32 399
806 893
936 715
81 52
863 319
780 580
806 716
150 692
230 429
551 24
613 772
587 588
933 680
881 367
788 173
113 965
739 921
647 666
544 665
177 852
588 370
679 5
739 998
63 218
166 43
665 888
298 371
88 803
566 520
274 392
368 499
294 975
596 571
354 186
943 470
66 870
85 58
657 841
674 617
458 204
459 797
18 788
222 12
834 402
818 815
786 273
115 729
260 632
586 418
608 598
111 779
279 273
487 446
330 375
921 296
261 823
761 41
157 742
448 918
178 259
839 570
438 241
336 919
746 846
983 559
385 20
174 414
306 558
555 765
306 641
309 366
87 740
21 410
314 148
940 64
318 756
564 756
176 157
379 486
931 287
475 907
314 263
208 270
637 123
52 439
717 387
973 25
77 36
775 295
727 110
460 538
91 200
291 316
845 479
242 116
405 654
9 173
281 275
229 842
527 311
512 20
55 962
226 704
327 981
124 231
717 900
613 805
816 77
673 496
415 815
487 770
260 24
118 380
229 371
708 670
568 9
420 966
188 362
481 720
8 192
766 779
912 630
89 411
535 716
463 849
766 922
583 64
71 364
952 902
2 552
822 779
895 195
861 815
828 152
229 94
758 89
192 186
871 346
231 251
88 379
273 479
158 90
723 803
926 900
175 400
609 152
131 854
867 576
63 659
642 927
399 701
610 290
166 844
651 492
340 567
884 564
791 456
885 285
153 460
919 247
533 881
332 598
978 224
217 81
428 193
732 23
992 332
793 141
298 725
519 162
580 195
145 853
587 857
364 263
721 915
115 444
389 331
941 654
157 191
51 676
570 200
879 70
403 227
928 597
815 814
617 211
122 723
751 697
759 532
932 806
493 152
81 286
599 52
692 330
345 161
406 992
208 935
483 239
584 706
473 5
846 506
998 781
786 149
844 99
22 675
792 574
762 756
691 304
873 693
900 44
984 213
123 291
568 404
416 641
1 789
398 785
57 657
443 696
26 448
487 147
738 79
611 167
353 171
652 483
321 693
17 603
218 823
369 641
173 273
800 453
804 437
550 657
365 853
519 994
45 855
804 4
491 771
3 383
645 820
336 960
176 793
954 344
279 587
448 589
972 840
516 694
742 90
945 900
271 632
239 180
846 452
206 935
478 968
820 679
512 656
505 878
788 453
183 397
901 610
149 269
685 971
742 132
637 434
487 795
55 759
522 248
685 860
915 811
738 934
557 418
623 283
587 931
881 322
238 193
80 47
613 923
480 777
119 198
830 404
815 544
213 510
646 506
616 175
669 955
839 495
489 783
125 764
442 71
924 111
506 74
804 533
363 335
805 316
825 470
496 108
773 798
652 673
94 373
195 842
531 292
148 896
238 414
294 642
540 174
541 387
766 978
487 183
307 309
808 270
689 573
502 336
433 383
474 869
485 668
610 25
796 998
729 445
33 517
738 181
794 195
888 282
37 599
68 371
235 482
646 606
168 425
390 280
709 246
323 839
822 319
695 39
456 100
917 473
59 961
6 840
98 937
618 48
525 676
270 749
971 928
491 666
722 18
297 997
135 509
357 61
454 178
16 523
436 652
441 242
538 803
926 43
530 880
16 666
366 180
186 294
461 160
416 303
878 211
642 533
114 4
498 167
725 612
546 121
307 951
284 73
333 759
191 233
857 453
986 227
697 108
424 520
360 954
623 347
881 72
569 255
781 581
658 400
363 235
165 224
293 443
296 337
403 727
903 950
338 724
429 555
468 951
624 773
398 862
825 498
169 118
209 885
339 834
726 818
127 291
457 307
240 909
213 982
732 682
126 617
316 79
511 209
656 745
303 709
719 333
334 741
746 685
969 394
843 417
295 714
960 195
279 429
482 539
266 988
193 724
233 391
468 474
396 335
658 630
774 636
776 757
724 779
525 486
429 401
452 54
341 545
210 764
319 422
836 860
84 537
125 499
769 141
550 778
111 832
168 532
854 936
177 346
675 39
141 767
589 405
241 623
426 459
814 734
48 457
671 179
486 447
417 132
312 430
609 680
202 846
816 974
609 537
593 252
147 383
833 653
392 341
65 980
462 598
726 291
263 611
674 198
759 746
380 235
643 813
536 155
544 678
941 988
342 171
881 411
157 948
192 576
688 581
925 360
342 794
277 969
207 648
550 174
700 543
575 329
317 73
857 108
910 230
587 439
645 283
870 730
852 817
221 13
178 115
535 429
3 100
47 375
196 595
810 527
649 651
322 933
54 704
349 412
335 217
338 143
413 639
932 397
715 535
755 738
990 415
666 113
110 895
923 578
852 356
177 100
819 533
513 450
510 485
280 859
945 927
984 963
641 422
54 925
444 837
765 231
893 914
219 207
420 728
665 473
993 996
445 641
450 313
850 822
355 620
500 579
315 92
824 485
419 767
849 118
333 349
147 935
121 899
773 357
692 331
893 470
640 422
990 592
65 801
337 708
359 899
15 87
808 727
221 958
114 302
377 704
307 141
824 33
158 735
796 479
579 985
359 609
730 343
203 509
331 128
740 300
449 54
556 822
911 687
273 15
402 429
494 703
979 477
523 927
853 508
785 116
35 533
496 415
628 956
40 189
773 731
299 844
672 290
942 928
786 342
736 597
541 704
502 484
179 899
92 352
532 901
805 348
920 633
623 453
231 111
375 688
386 362
923 433
249 820
158 670
50 831
125 345
54 863
606 792
212 480
339 547
223 956
614 263
193 781
693 700
440 590
116 179
903 241
444 762
358 336
806 964
879 278
550 850
812 173
7 77
599 663
218 620
343 85
181 536
813 178
564 685
506 949
693 463
604 190
806 678
54 155
536 390
262 948
247 366
431 615
358 525
841 549
663 868
65 995
655 165
366 362
48 989
827 506
621 272
342 211
859 423
181 863
238 800
403 333
922 637
399 476
35 834
307 233
125 690
467 495
584 989
970 506
175 388
240 19
246 25
340 214
531 295
147 466
972 435
61 140
300 708
857 981
344 128
353 182
170 516
407 977
691 90
748 89
605 480
897 559
681 400
782 957
979 215
841 365
525 31
58 164
54 537
689 299
643 108
113 765
117 183
64 301
905 809
581 280
829 87
909 785
885 178
7 258
55 22
793 953
888 505
166 996
81 776
867 889
923 699
107 167
270 754
310 243
449 925
124 281
968 111
487 937
312 403
64 792
447 15
259 797
47 730
