1000 4943
249 586
19 878
498 110
346 500
165 689
174 485
955 601
774 265
524 888
393 669
528 379
108 916
964 409
142 885
345 367
346 359
401 461
271 462
831 896
738 324
4 203
351 321
812 802
538 582
411 660
229 933
964 552
565 502
62 172
905 879
700 790
554 889
238 646
976 897
7 761
443 746
957 310
523 942
443 324
431 915
514 942
821 210
68 303
881 516
881 79
661 633
424 288
576 309
540 894
133 304
997 683
157 127
159 218
567 201
236 165
372 901
74 149
436 456
848 815
354 962
523 761
943 783
565 915
677 260
41 499
368 703
864 532
684 621
855 824
152 219
245 187
356 535
524 275
497 723
412 655
54 226
14 367
507 523
145 599
912 533
934 721
101 749
170 28
977 932
42 20
357 996
964 233
750 773
658 194
216 773
418 277
592 680
368 413
665 839
425 701
523 609
139 635
817 908
281 404
386 710
18 564
93 144
277 473
479 678
744 130
619 613
48 649
250 445
767 911
766 536
989 385
234 341
974 111
868 99
191 286
506 836
182 788
311 965
991 306
206 636
2 43
42 711
245 802
781 741
66 513
598 880
233 874
234 120
17 376
345 27
127 184
273 345
386 559
402 707
791 422
494 312
782 177
177 915
525 968
161 329
381 104
570 154
533 278
700 439
866 382
224 941
722 100
867 478
945 113
106 359
690 125
710 439
982 328
341 476
867 987
688 231
221 666
20 302
114 385
663 601
443 51
505 970
686 426
248 221
546 668
854 461
527 788
179 625
827 742
755 69
865 82
684 63
481 422
101 384
501 43
893 676
844 856
487 200
74 439
806 179
93 828
518 178
956 510
804 903
566 613
964 366
841 921
931 661
126 491
698 350
411 534
42 961
791 97
914 115
260 767
50 803
834 219
131 27
13 854
17 584
906 481
501 563
256 793
60 746
167 134
170 102
995 980
462 269
418 988
619 992
138 920
875 961
657 278
127 826
587 14
195 743
592 288
420 738
535 294
822 225
331 148
816 433
245 761
32 516
505 49
2 267
644 878
314 521
810 626
78 769
264 586
697 613
546 972
564 531
235 852
567 45
255 703
821 965
611 431
850 470
940 929
649 641
98 591
203 318
31 805
13 282
162 481
348 610
607 502
620 212
844 298
687 302
12 326
267 403
565 24
694 184
749 929
440 829
419 950
149 923
455 678
445 563
891 874
672 263
375 306
505 58
982 548
362 942
745 449
933 480
827 613
314 528
424 379
171 588
957 933
528 714
249 394
486 920
213 602
125 56
640 623
272 457
914 920
659 246
25 332
318 540
670 138
452 667
7 741
728 10
317 676
691 742
629 83
442 303
282 703
885 564
377 323
677 146
656 863
1000 407
744 126
747 232
713 339
692 671
822 730
659 228
698 325
862 487
972 37
748 43
778 762
694 980
584 400
984 597
324 440
474 751
749 630
679 757
684 801
791 90
271 539
559 35
778 589
662 312
964 784
343 652
18 531
899 979
143 300
270 148
558 692
760 107
639 647
592 362
285 326
639 70
843 185
458 902
935 652
347 943
149 828
77 815
795 588
271 582
561 610
575 164
765 642
622 448
969 740
417 167
823 608
989 765
630 512
886 958
98 519
542 129
561 755
891 84
411 315
227 188
565 155
605 990
343 363
659 90
770 427
197 932
661 680
518 158
829 430
245 10
118 299
159 35
873 690
765 441
930 238
89 680
199 585
457 58
351 264
691 646
527 683
927 144
935 707
696 783
732 488
222 99
898 438
578 898
260 789
972 903
100 724
636 57
266 60
547 334
273 25
694 483
316 252
856 887
440 188
847 724
409 985
355 510
891 109
300 819
490 283
271 361
663 230
593 878
206 669
524 680
409 842
690 790
33 566
83 714
955 211
495 10
704 465
501 255
697 429
964 472
677 641
342 513
193 708
130 836
275 734
989 955
741 932
777 251
814 80
412 147
666 529
13 569
385 40
421 367
606 477
280 247
517 45
48 529
651 623
304 184
964 766
162 881
968 804
416 609
718 287
737 837
892 825
375 359
100 996
283 140
193 625
377 140
638 683
987 839
18 947
861 365
718 725
891 335
521 882
719 883
62 6
600 180
547 633
696 797
840 627
809 981
524 30
978 273
373 579
136 265
192 422
285 450
586 218
820 569
183 120
681 24
612 747
904 782
287 434
191 882
692 120
285 958
788 13
583 588
420 80
538 479
921 461
993 744
425 43
79 296
722 782
372 659
928 996
391 924
216 619
985 99
911 783
788 336
809 256
369 435
791 144
777 705
867 534
225 951
100 37
592 253
360 373
693 605
696 804
948 893
76 932
202 379
675 702
116 485
133 65
804 57
83 212
908 918
69 835
342 276
234 958
880 37
712 823
558 396
938 487
223 627
811 729
170 454
119 887
956 883
215 925
891 679
69 724
201 43
235 756
52 934
59 949
208 958
699 31
738 206
23 601
689 37
69 613
213 512
220 361
438 464
792 207
387 232
207 491
687 829
708 470
1000 551
145 46
20 635
592 908
809 410
414 441
225 630
544 313
264 460
81 8
394 237
85 123
747 94
372 79
876 947
744 570
365 209
41 299
593 825
152 588
778 475
925 228
321 43
658 485
51 382
53 741
198 499
679 655
828 75
518 710
649 181
98 917
190 194
525 688
893 982
319 628
146 425
358 332
969 36
995 603
897 793
708 938
838 306
268 225
34 252
824 231
608 660
91 952
419 23
20 500
24 581
503 970
827 336
191 580
873 43
657 140
567 844
39 661
608 328
440 298
277 487
967 790
81 901
372 140
212 790
545 140
525 995
395 936
876 620
140 303
481 465
121 130
791 501
886 775
150 808
687 137
628 387
530 542
50 523
986 108
104 328
496 879
698 239
60 185
590 362
774 775
521 289
153 644
126 900
958 259
546 633
692 555
820 288
895 507
554 884
973 307
738 643
834 666
335 144
798 678
512 278
783 952
203 613
455 652
632 762
585 361
136 408
504 259
582 727
234 609
753 653
76 695
972 252
810 572
294 613
578 71
401 802
248 339
636 388
410 980
360 620
245 803
74 294
93 492
306 222
424 346
830 650
615 912
564 328
139 71
238 751
161 351
496 506
347 919
225 131
957 82
334 432
463 793
248 49
234 473
767 753
770 480
611 642
973 445
166 909
637 879
375 824
653 405
86 254
287 348
287 939
510 757
629 822
170 333
81 459
891 326
319 977
693 521
131 711
16 32
753 345
112 441
628 937
168 379
595 875
121 960
182 332
565 907
349 469
59 678
117 899
617 573
320 16
1000 477
564 203
351 35
452 629
308 537
971 697
203 531
332 680
158 398
457 625
260 425
281 529
677 921
269 303
808 116
93 150
844 626
242 70
245 459
500 837
1000 38
709 316
700 24
272 372
622 221
797 77
244 158
861 145
788 183
165 127
809 366
703 36
928 653
356 750
984 708
416 6
471 608
898 12
735 930
994 719
332 426
720 379
354 366
744 485
248 394
373 472
598 803
31 555
340 535
450 128
737 730
661 641
403 186
74 95
133 877
260 635
483 853
190 939
928 934
358 407
986 465
931 61
951 780
580 147
681 499
612 60
43 429
1000 937
737 994
914 490
967 787
598 151
964 392
964 837
938 512
872 92
493 80
112 892
4 877
295 275
630 162
524 267
446 478
411 168
86 490
973 866
445 723
909 746
547 929
229 551
748 601
748 38
608 633
345 423
452 397
861 318
384 869
496 367
761 674
14 634
246 426
284 710
286 187
159 203
930 637
564 378
969 535
42 188
19 765
633 883
518 671
244 703
153 819
686 749
67 981
801 392
804 569
125 941
808 444
347 40
503 947
974 898
591 688
557 181
741 296
774 168
923 110
584 887
234 871
271 803
440 995
8 988
723 568
906 551
464 155
119 501
102 88
525 936
323 669
15 883
180 367
844 520
556 437
795 897
775 288
660 652
83 454
291 911
219 155
656 483
729 819
750 903
796 145
236 147
927 932
720 694
293 84
384 288
741 155
944 430
943 494
247 781
696 751
553 941
145 680
94 128
923 977
150 900
109 438
560 158
299 988
341 502
323 757
250 575
640 441
354 483
846 606
331 326
256 31
737 742
417 297
812 349
333 996
989 32
784 715
712 184
677 16
381 307
381 894
954 483
457 968
223 432
777 94
741 632
261 147
166 987
763 10
467 569
657 921
87 129
788 882
218 397
19 63
516 894
296 900
117 946
245 431
561 998
874 772
354 864
506 128
290 43
660 926
590 557
684 333
791 238
287 790
997 928
4 402
491 180
144 516
12 937
369 198
242 332
587 483
261 267
101 998
745 758
579 682
377 431
302 199
195 11
639 378
694 398
696 398
143 294
718 847
590 589
665 802
722 264
371 714
725 935
764 883
381 445
947 840
729 829
658 493
812 316
143 152
625 425
66 667
338 597
567 472
705 603
813 730
206 568
725 520
743 695
506 805
657 803
196 185
851 670
225 678
681 376
699 649
21 434
154 303
745 589
335 534
692 803
535 243
624 937
803 951
112 157
774 585
256 903
931 459
629 574
236 322
669 407
279 544
745 700
963 102
29 291
912 697
121 288
895 702
605 399
327 759
664 596
277 404
499 540
164 787
368 374
393 578
503 840
242 110
272 124
947 815
851 944
607 342
58 94
774 823
324 542
596 616
542 441
375 557
745 998
712 388
215 132
863 808
458 580
486 134
23 427
226 21
997 519
190 23
572 863
835 350
725 294
141 28
658 134
959 167
552 551
718 814
554 76
365 905
241 528
320 983
784 394
154 230
486 231
215 529
298 45
109 569
368 995
183 157
629 258
675 500
800 797
500 775
157 45
413 497
451 221
552 187
712 661
129 564
352 924
390 883
817 21
559 379
964 5
33 685
582 929
571 671
733 405
346 905
476 968
661 478
986 551
441 652
869 128
38 71
983 621
615 182
107 326
951 516
383 70
681 763
657 188
611 630
206 436
351 996
527 42
504 330
324 666
507 682
308 380
823 736
19 259
420 35
403 672
281 713
102 389
251 378
306 707
571 987
861 168
479 43
59 338
114 754
206 525
984 22
814 202
852 751
359 805
268 689
748 286
507 992
54 683
879 184
989 463
919 711
385 724
448 90
482 336
501 564
101 31
413 75
503 690
179 602
326 10
552 533
846 294
901 654
872 840
103 528
320 95
799 601
375 396
693 941
605 815
740 303
308 379
274 439
204 213
294 946
813 120
62 739
606 962
999 134
305 382
985 25
490 985
16 924
843 512
784 825
459 315
462 63
586 148
191 192
647 214
488 655
784 513
822 121
476 990
556 762
23 438
402 898
758 422
690 943
577 435
732 801
125 717
914 722
166 17
963 261
167 296
759 583
777 76
342 668
337 581
374 621
247 517
486 839
770 153
714 529
749 910
54 515
726 487
87 302
7 483
881 334
788 142
844 483
610 506
106 59
984 948
373 789
33 961
381 936
785 339
277 889
360 640
215 485
895 463
914 241
196 754
572 501
997 520
909 754
907 37
389 227
431 303
658 289
752 588
492 642
828 721
203 625
707 897
349 979
406 428
619 406
850 292
547 776
380 79
692 460
788 745
1000 346
572 442
131 903
496 883
702 671
481 94
689 913
356 32
66 775
466 672
859 155
474 769
436 120
957 750
314 694
684 473
577 53
575 666
171 253
156 335
125 432
343 545
255 899
554 310
792 933
810 866
522 287
346 399
390 841
248 616
785 93
775 977
733 981
609 36
656 258
424 873
969 179
848 763
693 507
225 742
810 793
816 911
914 360
249 2
466 579
320 184
233 787
380 70
34 625
401 146
458 325
409 943
167 431
152 263
482 95
834 232
156 787
874 83
983 386
15 545
531 184
326 793
418 502
607 408
833 32
832 218
959 544
283 3
266 73
240 762
624 849
677 255
913 367
662 525
774 668
684 103
341 11
797 640
544 172
800 849
837 655
896 127
418 834
75 495
114 190
79 398
669 326
760 349
339 905
247 528
323 150
469 804
658 879
997 322
606 642
810 911
557 860
524 145
191 151
144 947
550 239
110 488
424 910
991 518
522 446
260 873
600 407
498 84
192 276
925 30
781 313
175 597
820 289
806 814
930 801
848 309
592 123
238 762
594 915
103 779
796 218
523 946
256 652
763 860
605 582
785 997
348 721
554 772
573 40
283 243
971 563
766 555
809 482
324 23
605 535
346 491
934 660
136 516
391 590
394 779
236 619
628 380
626 175
327 155
681 296
102 342
792 293
421 621
548 769
387 872
535 332
796 623
345 907
873 990
251 555
766 261
30 894
966 908
843 413
365 960
169 967
813 993
764 430
706 339
191 370
306 684
855 412
584 534
161 240
820 427
881 84
803 539
535 372
242 560
518 281
884 444
150 263
745 908
267 699
482 802
249 482
414 408
510 447
271 561
914 503
770 263
41 227
791 95
978 889
275 671
748 428
519 184
764 540
925 789
394 818
768 881
709 597
160 563
537 705
648 988
349 622
78 84
443 489
852 462
709 904
903 975
801 597
656 875
198 562
552 2
29 609
331 428
612 559
898 429
997 19
906 495
328 1
691 2
103 197
481 603
17 111
424 837
612 702
260 32
606 315
908 756
527 464
434 367
52 898
986 810
844 422
862 541
167 4
236 189
305 539
122 283
948 480
796 583
973 269
609 981
252 359
591 685
833 473
150 941
972 423
446 468
873 968
323 513
656 669
124 214
822 741
287 689
128 70
661 95
972 465
573 560
8 497
834 37
375 455
694 601
145 403
362 842
75 28
320 877
62 552
817 52
104 202
945 514
15 925
606 371
491 757
20 178
611 442
976 152
152 181
206 733
851 373
963 367
375 190
726 177
196 649
105 769
870 742
767 905
806 779
492 506
310 218
849 673
631 980
243 911
559 358
121 334
67 435
801 938
89 309
287 702
455 537
40 292
775 453
422 36
26 853
887 176
510 581
335 674
196 96
818 367
178 568
895 645
270 487
349 366
97 883
123 266
649 516
656 974
320 297
908 823
446 918
858 236
522 421
394 212
591 514
260 360
201 710
580 324
800 685
552 698
838 67
518 203
604 911
842 603
718 533
93 707
994 623
850 563
280 683
455 329
526 478
266 962
156 869
451 911
251 417
250 906
735 915
420 335
390 798
706 695
852 330
408 808
845 763
274 555
242 596
79 780
256 468
559 589
636 254
691 134
704 962
583 364
605 873
161 688
515 513
457 599
684 965
370 496
498 317
443 977
892 32
466 799
748 887
766 146
343 632
521 334
5 37
117 197
331 956
873 104
722 290
103 152
310 60
794 316
553 573
550 601
928 702
175 601
617 536
617 887
890 83
249 764
858 335
217 637
605 444
487 853
882 508
738 31
774 431
170 390
209 692
525 219
671 804
273 906
440 152
948 742
712 898
312 150
717 596
204 476
994 315
261 925
118 227
299 583
374 706
175 407
640 468
507 952
305 734
145 672
535 797
348 937
174 172
994 609
629 899
527 522
962 975
234 840
425 412
123 648
488 326
417 608
17 27
825 790
636 211
974 828
347 425
333 610
997 782
200 350
526 883
391 763
759 258
360 896
882 610
677 461
96 16
41 753
176 531
781 415
538 708
200 555
909 512
161 31
931 216
842 40
966 510
331 549
685 398
333 836
959 69
889 174
908 179
628 174
782 620
34 886
59 134
845 787
182 542
575 53
777 198
615 930
245 915
343 767
833 453
221 937
167 286
972 492
295 135
740 528
393 350
855 79
661 494
587 143
331 635
403 840
212 184
451 640
101 274
162 981
931 193
698 643
760 979
54 453
183 841
275 24
166 212
973 626
922 388
390 557
360 742
356 149
375 155
251 610
253 48
878 944
272 593
738 371
810 644
423 769
74 995
892 150
451 446
270 998
659 568
976 231
535 896
66 369
722 360
922 237
779 300
355 507
902 196
530 695
416 507
452 489
272 426
511 228
629 892
420 984
869 397
998 3
157 481
559 685
491 309
677 330
590 841
735 661
424 506
264 790
335 311
558 299
443 640
325 727
943 824
675 867
587 126
967 940
525 3
898 75
882 68
132 688
280 654
373 485
102 237
726 870
306 339
487 150
490 758
640 925
419 536
661 174
973 492
277 239
108 69
890 442
245 790
604 297
103 269
395 92
169 672
144 348
474 767
254 604
171 579
19 697
252 618
441 929
97 313
258 473
649 594
118 769
690 190
603 77
984 316
806 969
914 899
591 185
872 158
225 77
667 146
19 642
48 23
216 985
254 303
692 711
766 810
89 942
533 581
273 12
619 389
912 597
168 315
650 995
190 581
615 969
997 414
393 813
720 136
969 833
694 45
598 642
260 966
182 268
718 825
293 37
884 926
884 331
614 259
120 705
232 541
771 425
638 862
324 642
763 519
873 145
840 975
994 359
370 64
192 154
249 508
157 436
188 172
694 282
796 591
182 485
401 63
59 362
884 188
268 419
759 218
925 57
305 603
215 729
290 71
129 51
572 511
665 433
991 946
556 710
317 671
449 558
733 252
250 169
13 251
902 219
238 480
935 266
222 179
708 9
260 95
978 414
561 398
372 622
102 110
29 262
885 616
629 786
658 771
253 317
343 451
590 819
242 46
739 372
886 816
7 57
488 829
875 699
768 671
417 359
550 251
271 494
486 974
882 683
614 100
616 323
523 297
512 815
710 70
583 460
469 289
507 594
606 290
57 313
882 113
352 529
338 782
542 730
627 635
192 970
851 982
376 76
764 397
501 506
713 115
386 361
986 141
436 859
954 367
41 288
97 835
783 148
978 588
80 671
251 295
950 447
208 937
139 233
675 628
287 378
785 575
345 90
349 94
238 90
954 779
72 480
811 283
792 972
443 936
243 823
82 501
311 473
763 60
746 489
820 880
896 790
930 701
842 523
936 588
739 608
976 94
577 176
66 130
957 842
657 360
163 43
691 440
88 472
785 278
15 7
308 616
658 506
366 361
132 660
575 734
662 705
126 949
161 165
272 382
164 367
936 789
222 189
149 387
595 943
317 428
619 756
193 425
106 922
675 432
624 654
953 899
343 863
802 949
343 111
183 804
260 220
886 503
687 855
375 657
605 778
32 147
136 604
969 598
286 961
843 566
785 545
241 597
238 513
739 617
352 485
336 794
979 237
978 178
941 520
357 636
360 655
306 298
401 130
292 678
828 427
114 898
959 491
355 993
559 864
375 951
584 84
488 201
959 932
791 661
914 371
898 514
556 42
649 83
777 102
686 168
67 869
895 584
396 654
81 962
2 200
611 385
306 176
369 609
973 956
580 378
449 339
50 521
786 946
270 291
271 453
475 60
928 771
422 430
261 990
261 100
889 173
306 121
673 654
658 526
881 958
401 353
494 488
404 938
908 932
80 757
944 794
279 506
282 266
47 932
340 516
750 887
969 697
993 489
476 850
526 594
739 259
960 623
705 151
816 958
209 6
110 497
530 631
329 59
76 382
96 516
443 520
763 468
311 255
840 569
492 961
847 610
698 289
977 981
22 972
777 739
862 632
357 57
305 632
251 388
876 446
624 303
767 883
400 793
770 457
458 413
455 829
439 88
667 438
443 157
689 869
281 976
283 385
310 541
930 336
146 613
331 373
384 301
930 797
421 307
376 276
888 3
651 289
873 988
159 227
268 541
142 713
732 140
272 45
571 579
12 581
668 932
851 669
764 202
927 197
267 636
750 397
350 398
607 877
496 405
645 676
830 293
244 136
833 10
745 613
923 802
925 495
767 220
273 648
596 500
546 985
578 968
47 201
725 322
338 68
66 522
621 497
645 563
696 493
989 227
224 510
684 663
556 727
389 392
265 768
451 268
452 83
491 168
38 929
266 682
276 481
663 727
775 562
498 218
778 504
245 516
104 680
981 10
561 228
261 920
822 444
418 78
592 978
934 581
920 180
811 112
334 202
979 92
101 197
66 41
283 597
216 454
782 569
273 151
895 400
91 467
857 448
19 975
748 52
343 379
484 162
191 830
395 633
964 673
549 541
677 552
804 160
692 940
257 632
235 953
42 209
578 626
522 711
392 790
64 723
554 565
692 43
749 70
770 717
663 117
143 808
310 40
978 710
633 597
781 768
265 711
964 394
180 588
490 289
246 212
964 575
747 412
629 124
955 729
522 339
112 427
905 439
302 321
802 163
875 539
930 834
788 581
340 409
735 478
664 128
67 922
227 642
989 655
486 198
622 403
235 127
418 894
770 459
488 252
955 77
167 932
738 992
740 439
15 625
851 140
59 842
487 45
162 379
492 918
708 797
919 830
596 921
813 184
743 673
891 367
856 315
813 915
15 522
713 695
841 946
256 107
720 576
313 724
25 495
891 52
889 232
870 442
249 214
372 495
858 466
320 908
859 951
1 43
865 428
40 300
5 459
277 193
522 301
209 545
317 704
503 131
983 110
198 994
851 679
236 459
74 58
737 157
521 403
806 929
997 707
862 805
507 398
624 100
571 952
608 467
86 902
666 924
280 516
248 376
884 168
450 441
957 83
267 664
548 290
339 6
219 188
800 500
343 744
182 741
18 890
493 977
206 789
146 627
504 779
564 164
250 243
605 692
331 11
408 134
763 12
29 448
620 88
327 837
953 622
590 885
590 302
38 710
990 497
957 367
578 148
523 339
798 262
641 883
50 141
87 690
343 447
435 134
182 438
720 131
904 330
117 296
689 671
691 432
628 417
645 23
675 275
710 589
186 128
736 734
256 124
130 132
314 985
369 527
983 381
923 948
190 69
56 563
89 210
831 752
118 742
267 37
683 352
341 449
812 388
633 877
925 163
598 523
488 987
208 415
768 701
643 581
787 680
644 461
222 783
81 649
722 409
481 151
544 601
356 239
670 578
910 839
491 783
658 122
219 202
592 608
457 158
222 69
206 259
246 746
108 442
931 534
766 902
341 142
712 494
141 428
786 470
788 601
718 805
739 823
792 891
79 160
468 510
823 76
620 900
487 240
417 28
861 803
39 189
369 728
131 635
647 905
299 80
120 158
376 339
764 132
892 382
584 951
806 340
795 510
399 21
42 983
557 465
795 330
872 616
323 685
153 803
840 6
90 941
760 84
137 751
509 933
611 179
648 35
137 769
318 46
726 187
267 386
52 232
605 533
605 192
437 740
735 589
538 11
97 489
353 673
867 733
764 798
190 996
852 367
582 304
530 257
342 724
736 128
112 229
936 962
591 948
208 707
190 290
615 184
138 268
180 903
255 77
892 667
626 297
241 695
437 902
60 794
866 837
675 485
997 259
156 357
250 53
606 603
234 356
750 69
124 736
994 523
573 757
328 426
409 45
944 219
47 40
512 970
891 885
324 373
287 643
509 228
435 705
40 613
534 640
276 240
722 352
895 150
896 779
766 438
616 962
29 968
825 618
50 920
677 940
126 465
873 267
882 154
791 46
132 44
86 562
29 944
441 581
263 555
287 311
158 263
622 296
749 608
435 117
474 367
917 907
812 187
621 385
282 445
104 736
233 28
89 928
391 246
971 794
626 230
593 653
886 540
616 16
869 322
559 847
800 823
599 185
696 595
342 835
308 470
110 293
681 47
149 513
973 815
334 519
775 231
899 487
851 952
667 177
802 918
782 815
876 523
414 734
770 847
566 743
993 801
691 264
102 434
727 31
358 998
969 930
41 717
329 451
112 823
556 280
612 461
561 569
183 315
824 213
204 667
272 583
809 519
493 22
592 486
630 761
424 120
631 336
299 158
684 860
706 831
880 772
983 168
550 646
345 620
217 423
661 164
554 814
657 453
847 679
206 142
778 64
600 96
546 228
675 590
234 191
15 283
507 698
989 317
593 199
811 136
629 641
435 173
135 952
834 148
374 883
778 663
658 915
271 583
137 229
365 510
621 674
277 876
908 562
261 8
338 650
67 943
31 701
267 228
13 301
182 364
554 134
477 288
138 27
999 415
216 396
785 90
107 303
325 380
91 105
830 100
956 78
242 983
14 779
615 640
796 219
319 402
500 175
670 835
584 438
195 459
438 36
261 95
721 3
298 980
558 469
455 576
286 551
264 219
287 266
842 127
735 501
612 499
62 92
278 987
886 364
853 454
256 271
431 321
256 42
458 609
494 291
295 203
718 798
740 596
834 539
392 570
66 122
393 282
285 465
394 549
843 233
713 398
995 430
260 778
612 847
846 242
994 203
482 381
743 825
143 229
599 910
374 978
322 259
786 553
752 468
861 686
880 627
665 359
114 20
884 27
973 475
649 186
387 108
999 736
943 887
150 316
984 380
624 798
842 563
993 415
294 820
117 772
833 499
740 793
816 90
118 669
490 553
999 60
13 713
912 435
567 391
799 105
114 726
995 323
372 24
725 514
139 181
693 866
340 766
914 504
89 826
823 227
700 289
114 188
538 113
95 441
647 508
561 432
192 72
507 258
834 28
287 363
775 61
606 79
110 176
210 200
919 459
629 668
392 714
856 996
873 842
189 695
930 259
162 460
552 732
257 829
48 12
828 633
515 635
596 80
895 332
709 479
712 589
360 802
233 564
509 297
308 626
956 360
747 385
278 836
459 625
857 367
452 874
658 213
254 71
919 678
293 65
684 239
101 805
484 890
639 750
984 528
342 431
837 148
953 583
952 569
113 184
370 774
317 46
120 214
546 773
62 486
393 640
677 597
843 106
346 526
234 769
41 52
353 941
265 841
83 941
227 980
599 226
98 116
413 246
775 116
822 82
309 970
571 299
384 447
786 76
534 779
748 129
884 271
505 433
627 36
227 219
669 16
63 289
374 451
138 584
177 72
962 926
197 330
217 388
524 466
551 460
845 537
956 937
421 845
667 621
89 431
209 911
129 426
342 422
125 814
342 926
517 93
846 886
388 765
206 28
265 1
599 10
377 191
526 263
215 214
414 254
491 835
735 17
899 488
224 779
153 667
260 857
649 753
227 262
91 31
891 200
784 595
182 70
786 385
612 83
717 844
669 27
387 557
475 913
42 892
788 551
914 806
737 710
277 38
152 939
941 714
236 487
800 983
984 542
162 358
643 940
914 492
661 315
844 621
791 683
338 721
525 741
138 792
964 55
843 17
748 465
696 866
236 48
606 516
693 71
916 932
665 553
380 679
448 154
226 423
616 430
599 240
833 53
279 824
164 292
511 560
902 633
928 866
537 213
499 911
151 46
427 641
564 379
319 984
547 304
15 878
749 842
143 463
418 273
999 703
791 421
354 220
686 197
104 982
102 577
909 79
17 961
659 494
725 29
143 380
882 221
847 968
191 641
243 118
922 423
501 721
55 617
547 475
604 69
993 370
888 352
825 510
572 126
410 597
149 795
722 248
885 604
243 913
83 27
29 864
381 389
378 511
66 671
358 825
188 212
123 481
501 713
290 569
516 597
577 934
242 917
222 562
267 514
870 275
263 724
638 783
287 423
788 565
708 344
224 397
556 6
993 676
153 903
210 688
319 183
1000 136
526 783
446 880
123 965
162 376
89 910
533 871
971 76
810 509
629 467
791 100
631 499
795 826
875 697
318 623
796 990
139 453
103 12
802 840
53 763
571 454
771 309
973 860
863 932
518 473
12 548
110 292
886 232
5 832
463 388
133 294
983 589
752 519
498 252
857 152
76 65
612 710
920 743
16 695
578 415
562 824
778 774
781 538
892 680
966 227
381 311
255 120
554 404
755 727
811 184
748 33
206 201
578 14
139 934
377 695
450 240
530 173
362 382
418 572
74 138
954 151
496 35
370 494
649 668
496 786
372 733
374 4
178 710
598 196
369 974
559 941
319 136
151 762
30 654
639 36
87 790
806 351
640 31
737 36
920 57
298 407
443 778
170 590
215 965
433 304
812 408
660 188
183 323
954 303
75 967
810 971
153 913
189 168
221 874
653 431
547 180
547 715
587 477
419 425
715 311
861 268
455 421
735 696
253 692
968 903
170 279
98 856
131 613
639 296
221 36
982 350
436 276
298 328
393 822
260 804
182 793
64 967
447 460
957 78
307 780
587 59
861 99
347 168
864 894
424 747
648 880
833 737
338 32
999 782
853 911
431 952
527 919
628 47
770 872
733 532
554 979
876 168
316 949
725 700
946 915
945 921
449 220
544 539
966 108
141 660
733 367
456 741
348 819
274 938
60 434
651 203
564 856
692 322
621 676
38 643
221 172
832 544
940 43
228 789
176 883
707 3
383 93
113 425
524 553
390 769
746 940
908 403
712 169
417 933
349 752
733 621
699 933
670 29
131 634
928 988
708 829
439 695
341 495
346 26
291 352
458 752
419 842
114 78
41 950
287 723
372 381
119 227
1000 712
846 185
706 129
803 413
126 147
307 188
919 999
628 753
238 712
242 801
810 642
945 169
893 723
628 383
624 360
183 105
130 151
59 746
775 805
170 571
210 705
644 850
362 315
33 576
233 819
677 930
513 897
732 8
109 566
629 916
828 164
518 743
684 174
833 215
748 403
417 815
559 932
550 665
794 506
656 403
610 492
294 790
595 183
466 436
638 422
512 641
857 573
399 712
767 818
857 75
880 465
370 728
591 670
100 334
338 561
977 470
884 185
231 965
987 932
858 28
422 467
827 543
220 679
39 221
277 562
919 231
862 534
267 309
742 467
592 264
524 431
764 804
301 610
895 681
694 987
400 744
183 808
369 769
812 959
101 879
299 532
587 854
943 850
526 302
50 223
985 21
226 906
308 177
308 750
68 91
106 804
921 829
993 920
347 329
409 767
669 780
307 430
348 756
956 769
41 844
777 255
173 926
537 302
503 199
624 524
14 299
786 448
712 513
444 924
368 330
373 672
614 68
320 824
446 950
710 163
930 141
605 407
986 651
232 269
476 301
319 296
599 266
675 501
667 252
81 497
192 727
821 610
963 546
32 128
706 738
986 404
182 950
74 208
604 635
327 289
81 756
546 548
527 692
227 946
446 10
266 91
766 848
867 57
931 565
275 158
919 324
354 445
800 319
986 739
951 450
720 417
776 952
336 597
78 704
445 536
114 808
157 601
48 947
708 652
89 41
346 874
605 91
125 516
366 977
164 304
421 741
4 403
693 329
571 860
157 339
428 601
122 348
87 180
749 593
74 885
787 793
291 284
989 429
683 920
225 93
425 952
759 173
495 350
377 924
928 284
656 326
506 181
696 808
288 789
254 448
473 932
857 253
911 879
865 45
461 666
338 977
400 322
578 500
657 579
852 43
971 664
238 489
917 359
629 173
848 519
885 339
831 380
482 797
117 900
565 768
664 366
108 941
923 477
665 730
646 404
388 428
119 736
245 549
525 232
66 719
268 714
305 336
142 866
397 426
56 682
770 241
606 564
94 635
129 533
976 523
59 801
170 171
868 70
7 524
411 655
945 768
747 41
251 76
250 956
570 415
644 439
717 167
644 601
775 434
791 282
247 27
575 532
725 684
871 72
357 413
749 214
474 977
327 384
396 426
955 911
307 751
1000 372
525 998
584 446
261 525
567 565
325 186
992 30
295 413
113 960
959 362
953 746
945 936
391 597
250 411
341 405
686 470
698 224
898 510
457 534
386 660
665 601
867 252
833 37
281 859
302 879
501 433
341 262
713 293
90 461
891 450
221 155
81 616
424 261
340 98
251 494
119 581
821 279
474 37
327 562
675 635
864 497
275 367
318 840
352 197
333 413
745 402
266 797
194 302
162 913
475 37
219 672
142 43
40 45
732 180
498 175
80 798
583 433
653 37
488 489
418 35
272 986
494 756
761 936
827 162
337 644
38 72
584 206
140 975
896 661
53 192
553 431
455 172
718 25
488 140
25 441
484 990
338 80
690 445
211 24
14 835
625 269
415 46
441 92
796 832
616 131
227 761
999 847
663 542
216 732
100 454
930 168
474 171
145 318
718 653
826 674
693 454
354 973
850 70
478 799
375 609
121 514
377 181
857 8
452 254
806 997
915 181
436 397
440 734
420 455
610 937
136 872
248 529
390 60
526 537
29 371
848 194
571 146
70 958
34 695
653 506
326 921
902 962
884 264
795 127
572 920
192 413
332 158
964 701
34 125
645 6
408 752
953 729
764 853
657 952
967 981
696 749
145 311
878 835
481 470
732 803
611 433
593 750
74 49
23 633
945 264
410 987
161 471
767 900
109 836
292 177
455 935
684 627
314 130
871 172
744 40
248 205
193 361
251 549
486 396
476 228
606 263
644 427
902 632
974 988
765 543
10 900
482 754
776 213
486 641
268 460
235 572
34 545
515 853
98 57
391 412
863 438
974 666
846 640
759 570
984 758
7 508
370 35
133 648
599 941
449 254
341 56
859 669
658 855
861 689
716 719
365 653
225 461
119 733
617 150
66 436
428 563
106 472
234 277
645 79
842 155
272 634
559 726
286 415
739 90
736 988
705 94
26 76
393 173
251 570
451 660
756 289
518 960
558 621
154 741
661 751
598 807
646 968
657 108
107 181
452 53
414 644
989 68
848 721
109 326
479 422
742 815
579 780
171 830
223 958
598 918
106 999
360 566
886 790
847 181
113 799
662 179
270 147
521 496
758 231
692 603
997 251
302 468
268 855
161 63
587 627
434 769
696 233
517 772
848 783
957 8
394 44
748 147
530 90
782 946
859 359
183 44
628 243
149 907
884 357
649 952
282 710
580 126
466 1
828 480
32 481
325 676
624 16
399 727
509 744
604 947
167 539
977 94
44 230
389 504
82 634
319 428
66 653
503 864
343 911
606 19
505 279
977 239
409 221
979 818
18 206
195 227
858 154
469 673
590 920
203 438
404 992
867 159
408 88
335 519
446 453
527 787
587 370
102 367
265 129
931 433
499 924
833 345
617 532
135 924
854 49
484 680
693 258
406 553
957 210
409 681
680 350
75 442
311 309
424 829
377 956
663 826
649 569
372 687
781 53
838 948
587 912
255 701
67 953
58 532
572 715
261 913
411 901
544 589
416 72
505 832
146 618
715 123
437 171
317 435
876 210
418 866
261 509
346 276
338 151
47 987
674 819
472 839
4 762
550 604
292 367
457 867
137 825
1000 673
217 303
591 925
448 618
645 332
258 743
957 508
87 568
923 763
391 506
781 46
732 521
124 412
306 142
271 543
716 184
20 797
517 441
771 26
353 422
79 903
333 840
410 528
764 570
85 428
264 84
123 835
821 979
880 433
991 746
977 874
137 789
744 704
102 255
42 839
638 982
911 11
731 970
716 465
499 834
403 288
352 453
827 723
317 378
390 336
636 152
251 695
486 586
969 334
851 927
691 550
165 881
42 813
744 854
283 378
774 128
1000 254
124 289
854 178
957 416
343 922
715 152
858 795
458 758
844 905
938 905
81 655
81 293
725 532
617 379
653 674
891 8
748 667
643 511
912 41
314 627
659 378
492 780
143 704
700 847
258 471
226 415
771 137
210 627
208 878
446 510
766 345
624 536
552 391
702 634
574 271
96 671
919 472
320 388
248 433
377 19
820 993
948 576
272 438
400 763
319 445
974 704
757 240
966 844
978 72
340 832
249 969
910 534
557 326
327 821
400 69
274 473
736 315
955 655
978 654
231 315
359 819
503 398
893 471
806 813
515 93
187 585
481 929
275 259
191 765
939 263
452 904
587 40
146 485
455 696
662 432
59 445
242 378
465 214
247 275
398 304
287 387
508 423
566 906
18 43
987 290
957 567
314 559
645 553
171 689
153 478
264 674
814 805
67 352
526 795
964 772
87 168
968 906
608 519
532 674
498 690
745 229
943 398
908 92
473 385
90 946
550 745
867 153
792 359
50 800
995 288
778 205
743 589
305 703
51 504
456 573
92 398
251 613
261 829
224 126
498 971
281 604
66 135
935 100
530 685
765 519
953 210
833 318
130 469
419 237
846 775
554 548
337 263
301 901
481 673
476 687
390 454
455 983
142 549
50 179
104 921
101 138
963 291
139 286
638 129
644 16
40 361
521 144
387 9
707 723
997 960
523 917
156 237
87 88
717 585
681 736
95 573
277 570
125 63
759 586
443 213
100 786
875 227
185 568
911 924
81 436
18 29
515 361
993 380
166 291
611 752
102 203
154 915
817 975
675 728
86 308
869 151
326 359
843 966
241 679
853 480
574 201
832 504
153 345
377 922
838 889
295 680
912 21
587 78
471 1
399 292
448 3
557 128
261 451
282 309
377 157
141 3
217 95
865 814
438 176
186 201
702 534
554 646
806 939
957 620
779 897
651 980
66 300
446 357
644 569
376 513
622 898
420 896
963 998
993 488
498 588
852 899
9 815
484 421
744 697
216 165
306 414
639 879
85 75
68 427
637 967
929 932
261 992
632 961
482 613
207 961
66 732
604 626
272 235
473 939
55 351
294 198
935 988
725 887
1000 511
48 988
341 638
550 610
416 517
988 174
74 481
457 511
2 911
849 941
114 341
738 974
795 988
979 442
596 399
466 525
250 317
947 252
890 795
420 911
455 557
452 989
356 462
191 109
418 531
865 659
68 35
639 153
252 397
651 644
786 819
888 200
925 627
784 617
782 996
622 178
945 287
365 59
720 513
904 850
264 497
33 318
895 767
125 264
806 356
691 162
938 36
404 323
854 794
242 219
380 671
179 967
873 348
347 766
921 879
861 179
740 68
138 297
742 232
873 666
360 174
878 741
715 773
368 649
954 640
757 540
78 71
995 907
98 769
192 940
475 894
543 27
28 655
909 786
985 225
803 422
571 872
860 762
38 721
811 979
372 26
482 189
438 116
193 310
858 801
466 704
269 430
215 43
660 148
823 680
394 362
470 94
353 200
669 947
580 470
393 516
395 965
999 284
479 616
217 643
533 824
575 519
58 408
738 558
884 473
260 531
355 192
176 734
708 783
449 155
645 968
15 481
346 415
643 415
475 49
692 710
954 160
834 933
390 590
600 149
598 672
68 491
527 817
233 570
414 76
936 178
955 376
496 958
614 330
561 350
67 290
691 581
191 780
124 399
262 793
624 692
905 965
994 755
99 603
67 31
738 937
525 332
215 913
806 907
305 750
271 350
895 9
114 721
175 751
758 147
100 908
693 523
605 697
712 147
528 69
720 172
39 468
738 752
98 189
560 240
557 829
542 501
137 621
195 151
413 1
843 472
552 596
949 772
113 408
5 581
66 69
765 26
434 481
125 187
34 551
142 91
552 995
458 862
260 387
884 440
482 830
67 683
858 674
14 641
545 480
313 316
863 473
792 129
626 441
558 834
101 701
281 700
637 987
564 429
928 118
878 69
128 212
899 613
2 72
844 967
993 27
919 328
482 512
174 769
357 312
766 197
142 291
533 625
875 157
862 824
665 412
956 376
995 783
228 220
683 728
638 334
503 764
409 657
436 769
515 299
809 764
664 36
41 266
331 439
977 99
577 998
662 348
890 619
838 625
286 178
16 397
972 472
552 292
148 762
458 357
352 992
386 51
371 499
578 82
248 358
85 860
106 780
624 193
933 601
344 968
419 508
661 869
546 179
98 79
5 641
830 697
744 16
814 727
946 724
191 682
840 996
693 121
417 131
515 716
972 461
443 412
372 126
562 154
781 174
786 755
878 430
199 489
420 578
534 126
828 313
760 223
617 13
600 83
830 258
531 77
638 192
488 439
345 799
18 101
861 319
862 439
372 297
351 655
558 844
830 721
120 237
873 465
945 972
195 253
117 868
378 752
470 929
342 801
36 94
915 382
384 92
241 178
114 384
370 333
647 53
647 640
816 127
437 553
47 980
342 383
784 579
62 526
748 345
362 44
8 378
343 391
365 17
989 524
865 83
294 23
630 232
685 328
799 563
245 134
281 936
546 526
628 95
488 47
307 757
489 762
768 470
310 439
786 425
578 53
523 201
889 966
312 883
561 922
234 590
456 135
644 184
919 827
316 793
48 307
264 879
615 233
476 438
374 756
67 209
347 402
737 379
333 667
615 382
162 126
527 786
920 301
456 539
833 415
672 918
244 23
923 1
372 569
463 311
817 807
657 93
539 540
418 884
864 428
807 836
848 310
166 930
61 301
62 133
778 448
66 216
344 426
738 3
458 158
386 723
774 413
870 924
444 695
987 949
884 763
802 660
858 553
410 972
87 675
346 325
401 419
419 92
899 883
360 555
866 226
406 988
739 633
131 741
227 292
708 992
964 189
68 906
1000 966
327 623
383 169
898 150
183 648
921 632
332 460
351 48
904 874
120 36
580 109
394 364
95 570
986 881
162 194
464 805
735 350
602 290
441 470
277 56
759 537
542 620
49 742
211 883
323 790
957 417
369 243
342 908
254 297
329 154
931 178
904 819
999 599
95 76
704 6
759 654
685 551
854 358
643 508
86 385
270 674
82 186
835 115
366 779
257 469
331 362
408 829
369 336
210 633
213 10
131 678
68 292
311 548
488 330
343 738
70 350
884 773
735 310
554 846
756 262
707 218
325 636
753 937
967 660
930 528
487 24
768 40
48 657
826 180
700 491
186 154
407 585
299 92
748 383
139 32
801 293
753 829
657 246
223 755
735 675
169 632
476 760
243 84
884 223
959 540
671 188
706 908
910 842
729 510
838 168
34 201
732 16
435 144
145 669
476 105
499 965
455 764
69 31
564 713
356 694
583 49
270 995
785 461
344 523
346 198
644 382
937 71
167 259
812 495
743 431
67 749
423 719
838 572
657 64
396 172
342 815
659 91
418 330
38 52
957 952
320 836
7 924
881 562
122 326
639 672
786 609
822 510
725 616
933 382
374 34
645 229
885 91
409 207
907 92
728 922
782 461
413 779
639 76
14 428
458 407
917 45
989 13
864 478
909 866
81 528
957 751
372 49
382 695
338 129
437 625
48 561
250 597
911 429
895 872
388 787
914 985
865 794
333 453
631 502
890 727
191 438
764 468
505 462
80 359
548 99
895 249
605 78
606 697
567 121
526 601
267 521
594 298
12 594
788 973
746 70
856 829
596 979
586 180
50 623
433 958
550 202
418 11
93 710
20 352
847 99
647 254
47 877
578 131
299 942
377 450
178 382
702 666
916 470
741 933
243 643
764 951
895 997
964 622
821 296
567 468
736 742
589 316
241 835
437 746
496 154
645 859
368 725
355 666
905 998
873 217
193 820
803 175
239 35
327 47
720 767
313 549
956 407
759 40
501 328
377 807
710 57
91 929
107 603
861 760
537 72
573 239
556 873
65 829
298 450
10 200
191 198
561 219
580 558
747 990
600 929
122 903
572 508
645 376
498 423
596 794
265 465
103 177
175 548
324 162
89 360
738 218
919 299
74 879
683 304
995 185
776 653
241 460
984 798
619 840
156 714
530 366
16 445
824 506
698 866
570 543
662 836
969 59
629 842
115 259
795 894
923 360
63 35
726 481
752 782
599 408
195 295
982 949
270 790
287 860
953 400
95 703
556 283
991 553
170 167
298 461
118 218
959 560
873 425
377 460
142 769
179 569
95 915
992 361
89 814
759 941
320 898
696 304
428 309
764 421
675 994
657 147
785 102
15 18
590 121
166 479
791 158
333 496
813 475
771 444
817 419
599 288
547 774
622 899
70 460
570 237
320 76
312 213
662 128
114 682
583 916
649 141
494 962
598 120
717 529
50 536
182 496
364 499
311 553
735 652
132 794
923 286
541 835
393 754
49 397
893 516
766 167
362 220
917 825
940 115
369 585
939 581
62 969
619 937
784 642
512 263
639 71
605 33
698 901
565 783
677 216
799 705
650 608
708 318
360 25
778 687
752 779
748 732
507 692
811 820
933 432
376 302
384 825
663 322
61 938
334 120
390 446
233 107
161 436
473 757
644 692
957 208
81 370
127 316
431 309
224 823
766 832
693 27
416 686
308 63
861 63
58 771
527 416
596 263
687 637
622 727
579 723
887 315
488 625
395 239
859 514
125 730
143 495
983 959
785 568
117 602
188 958
465 924
615 65
873 181
575 73
855 936
412 6
418 951
20 99
844 447
310 946
495 520
574 16
612 163
318 252
320 355
740 192
874 92
858 178
306 407
272 528
892 411
275 70
593 71
479 723
893 259
264 362
448 31
377 487
356 56
412 879
770 6
452 281
182 776
291 70
383 724
183 411
477 836
656 572
596 849
833 353
852 699
688 428
745 90
377 541
268 916
337 79
162 736
751 212
990 713
849 926
78 897
740 557
617 733
381 279
690 860
394 353
233 799
410 609
622 836
930 394
956 889
419 924
745 750
411 408
310 273
804 516
841 790
112 854
497 99
324 881
759 335
121 72
542 499
784 600
180 539
235 333
71 148
991 428
493 428
38 146
165 618
224 774
542 756
192 979
963 877
375 904
360 948
934 288
838 875
197 724
382 970
830 25
151 397
725 301
