954 1123
199 195
296 486
198 786
545 790
580 627
913 797
364 108
384 647
618 108
686 731
23 421
736 170
29 888
4 757
611 762
359 251
544 514
616 655
91 208
127 70
891 553
415 455
100 645
59 159
870 127
152 687
222 11
342 489
101 143
227 220
104 719
915 310
746 858
474 36
575 831
734 557
482 602
348 18
841 899
543 423
302 133
583 705
474 473
259 628
505 569
52 331
199 117
332 574
919 474
610 499
905 755
536 437
137 24
178 584
486 307
824 64
64 858
290 415
833 414
524 275
179 816
593 664
773 623
397 93
929 316
907 850
925 582
407 696
794 76
212 411
82 170
86 835
702 783
2 425
121 447
844 813
434 859
132 539
192 396
760 429
250 73
429 296
772 287
763 230
131 571
758 21
518 83
166 580
917 788
758 599
250 737
721 853
721 573
716 679
136 928
215 232
389 61
178 295
156 2
40 403
295 709
735 311
386 312
844 407
181 466
232 548
754 855
109 385
859 507
927 242
33 119
443 760
203 127
488 284
142 792
138 633
811 451
843 192
116 362
952 111
830 389
210 904
572 172
243 884
163 814
554 322
367 290
119 124
495 224
479 694
244 875
757 9
365 551
329 121
377 709
143 51
96 515
277 723
832 29
153 393
845 598
377 381
336 139
591 461
648 684
495 32
628 703
896 184
646 192
586 818
687 4
74 85
469 57
353 637
98 335
537 822
366 200
762 882
620 533
225 213
2 893
879 845
119 95
102 710
409 306
888 752
738 833
620 940
297 586
423 239
169 766
510 921
853 755
68 431
672 650
134 772
925 519
919 370
861 253
525 152
368 858
18 154
380 668
476 58
442 617
804 474
172 116
738 931
610 696
235 82
924 520
755 670
789 819
515 600
439 819
190 513
23 133
789 698
858 321
263 556
803 52
764 22
100 283
268 344
534 136
79 914
307 269
865 120
894 530
651 295
19 41
415 231
509 819
437 705
471 214
681 767
14 525
782 326
558 643
252 335
323 147
356 536
381 78
477 921
887 902
633 867
409 361
293 766
748 389
42 613
509 775
935 800
343 74
456 652
482 543
241 733
323 717
583 60
933 269
660 946
517 499
538 351
449 776
710 482
916 777
615 477
740 353
185 425
919 850
391 500
316 818
635 367
793 678
891 45
948 220
26 459
896 839
588 528
6 751
513 97
106 132
155 384
717 449
768 59
270 709
515 672
665 792
184 496
885 770
296 234
276 907
172 223
729 891
726 661
692 840
923 904
533 903
442 371
306 577
573 390
101 169
812 596
114 195
847 306
487 481
70 267
385 205
558 722
835 628
870 949
700 917
550 217
27 577
551 945
192 740
261 746
59 643
754 161
313 477
379 90
639 871
429 675
315 344
689 928
301 410
512 871
675 283
46 609
188 544
694 146
582 400
402 810
30 641
442 662
796 43
114 546
475 911
392 576
916 619
489 73
681 696
273 662
437 876
885 48
816 755
58 639
672 541
30 248
613 254
877 934
540 529
345 153
810 70
267 252
782 632
368 50
322 151
527 52
86 809
913 630
70 662
357 246
309 817
800 829
61 609
806 812
948 715
142 37
569 536
904 768
915 516
690 863
136 531
768 528
292 603
766 645
566 363
116 569
810 29
236 204
457 620
638 358
286 283
349 193
409 434
491 807
187 178
467 689
831 620
133 409
893 660
51 185
480 586
219 670
430 676
950 843
839 630
947 737
517 669
415 682
821 613
54 803
952 858
876 416
166 785
825 710
773 563
481 718
99 111
663 684
20 733
710 727
627 451
908 11
69 891
645 630
519 203
527 48
743 343
508 440
831 124
146 167
432 523
536 925
784 586
73 756
104 929
660 753
547 298
500 284
1 559
291 488
434 783
662 233
409 347
462 580
772 491
611 407
380 97
637 309
535 184
275 838
938 468
855 435
425 614
54 450
853 410
811 263
477 29
554 749
170 890
34 308
601 204
915 677
805 22
177 947
86 679
29 632
340 746
298 503
345 894
164 383
99 945
478 551
775 227
267 740
886 792
139 662
443 205
175 60
340 682
318 177
571 595
537 46
237 72
449 775
662 107
121 917
496 503
495 453
125 442
171 403
240 881
277 739
572 414
353 908
842 306
366 71
575 78
323 564
706 769
414 86
409 301
190 849
431 682
172 43
41 575
640 670
227 369
123 56
472 805
43 838
454 211
784 773
178 128
736 179
288 749
282 572
394 537
507 333
728 89
925 897
118 137
58 397
315 278
837 561
346 856
230 746
834 441
519 579
96 595
227 35
931 363
701 352
467 920
886 361
129 451
53 107
651 559
284 12
54 224
737 410
200 334
573 14
824 776
467 444
170 551
611 608
190 590
265 450
182 788
831 591
731 806
251 781
849 322
108 914
862 453
862 542
796 397
199 939
517 700
188 569
617 680
512 439
835 229
435 841
595 92
761 273
358 644
413 646
705 304
171 71
641 721
829 65
426 757
719 392
823 514
809 595
587 147
779 614
285 603
866 727
787 700
293 432
755 551
600 411
280 700
514 520
345 192
104 767
485 948
716 804
455 738
671 601
799 532
651 116
791 838
523 793
628 867
431 204
811 529
356 874
100 946
455 102
287 933
945 191
102 771
56 131
913 86
235 283
837 480
39 529
316 657
357 380
880 184
104 826
802 186
91 759
365 162
114 382
404 118
851 495
142 658
259 875
900 763
49 120
822 360
16 478
172 738
32 674
454 426
183 313
806 499
86 602
935 95
749 762
352 164
422 842
28 53
234 949
705 713
844 715
593 183
116 512
571 451
303 570
14 342
108 85
874 830
117 346
195 784
603 654
492 224
282 782
477 596
494 772
304 151
223 689
741 889
874 590
331 468
679 699
283 581
496 249
222 868
413 292
846 78
496 554
823 818
171 877
14 747
84 570
570 622
845 514
946 332
175 2
313 511
675 94
366 932
630 494
827 870
681 791
115 952
461 668
527 264
365 42
446 414
547 810
721 80
566 74
525 330
660 436
820 16
928 801
607 337
632 743
720 150
11 361
687 159
35 862
720 1
881 757
449 627
117 426
105 241
779 245
120 779
497 27
180 353
186 338
262 691
253 561
195 737
675 131
644 712
251 696
391 486
932 775
662 211
18 518
44 657
416 682
368 581
140 202
678 890
409 758
176 658
835 195
326 211
840 14
759 101
396 251
677 921
917 150
625 672
677 61
668 661
203 776
463 189
722 444
439 92
911 307
58 269
648 869
644 316
559 188
442 504
300 271
191 445
321 694
398 112
115 38
41 909
660 353
432 195
65 644
715 768
437 386
145 269
335 595
659 581
305 590
63 159
559 890
353 255
679 884
910 898
741 863
211 316
905 372
202 71
114 63
800 850
883 238
294 350
13 230
268 180
806 727
770 816
27 355
884 654
81 687
694 660
727 29
85 405
277 571
625 810
449 432
311 415
826 113
595 450
635 875
54 317
609 391
953 456
83 501
720 913
283 759
865 88
591 493
738 883
244 643
772 467
158 500
843 426
904 736
919 872
293 792
544 674
759 252
311 885
420 25
892 928
343 556
398 425
464 632
939 12
818 948
350 934
860 155
108 448
929 941
803 852
112 555
758 505
707 767
692 540
232 669
80 121
135 313
81 561
128 387
686 860
631 254
400 453
454 136
151 785
214 652
400 771
40 521
294 898
708 182
846 899
806 755
170 765
335 16
251 355
846 220
722 768
839 140
553 35
310 784
72 895
24 185
868 794
584 40
457 369
658 424
870 923
937 792
527 878
310 899
468 666
856 733
454 925
932 584
478 227
62 487
837 115
277 446
951 195
873 208
356 35
391 604
468 914
415 629
676 801
641 393
868 362
559 54
514 947
298 545
774 452
781 889
632 667
271 629
910 216
249 743
147 450
41 823
618 567
139 147
369 815
343 868
432 16
312 370
7 699
457 104
160 557
263 50
239 577
154 8
204 286
796 576
368 569
668 243
112 102
67 322
746 138
255 804
97 625
310 883
687 740
213 196
499 489
339 383
113 249
708 330
511 593
478 260
225 800
546 360
463 791
765 422
384 315
644 892
361 846
585 801
662 347
817 43
292 889
466 740
660 554
331 371
220 85
619 151
36 739
889 155
39 514
99 103
437 807
903 489
251 576
192 347
707 705
29 178
433 476
637 131
48 93
195 341
337 738
806 667
220 573
293 130
655 410
708 925
128 593
432 843
131 633
914 216
165 741
892 235
603 327
241 906
315 655
4 337
478 168
289 196
621 827
509 54
28 598
195 582
574 208
117 848
27 738
330 632
183 88
874 756
731 599
808 835
230 429
735 562
435 285
269 858
285 383
496 349
373 285
449 580
201 714
200 121
393 528
707 697
710 152
694 358
835 903
122 354
109 717
726 522
172 903
837 392
950 379
587 620
810 19
30 680
541 928
874 562
376 781
912 440
207 250
748 53
752 48
793 830
119 255
193 535
285 137
137 136
259 350
415 684
571 200
278 709
436 627
114 613
559 101
802 219
769 386
618 37
410 81
681 92
429 110
412 697
51 81
688 111
644 397
122 168
505 347
611 604
807 223
292 931
204 829
887 24
552 602
543 737
717 662
322 336
180 908
365 738
623 236
463 345
165 166
689 576
413 127
185 710
835 395
94 93
820 896
729 826
102 276
569 384
422 802
251 932
245 657
73 832
766 600
520 943
2 346
201 266
597 20
322 912
951 10
296 343
931 576
415 691
638 406
147 857
641 647
674 24
925 111
347 540
672 866
30 301
579 549
844 405
548 682
552 131
140 105
721 486
123 350
8 46
946 14
831 67
38 629
905 74
421 729
63 342
117 399
614 918
893 804
320 604
150 369
475 411
397 131
692 53
61 474
300 52
454 241
852 554
584 755
425 235
457 158
707 462
656 596
179 384
162 325
236 380
381 23
327 131
364 801
509 797
762 600
242 952
514 766
411 172
665 153
859 359
675 766
502 509
782 110
444 781
595 439
65 801
553 851
370 395
915 630
176 807
102 750
223 860
13 440
27 150
817 382
863 47
131 382
65 111
447 812
296 417
622 609
851 844
870 758
239 462
44 695
257 895
331 236
522 457
13 829
