926 2839
344 456
337 222
563 303
803 454
363 309
236 650
555 236
701 133
316 926
540 480
44 34
870 402
106 721
655 185
457 265
55 873
350 907
123 909
430 468
531 577
324 321
840 779
902 40
279 636
726 538
51 740
70 661
255 844
627 524
406 651
428 566
284 211
216 137
767 75
163 473
801 574
686 408
172 563
671 881
818 231
729 77
621 167
165 540
521 166
6 101
524 85
651 551
284 607
488 621
380 587
573 480
661 623
393 574
836 854
527 548
768 108
400 562
203 45
884 122
8 835
281 644
503 107
396 505
53 611
397 169
534 356
922 458
564 751
880 486
703 740
120 16
559 768
162 182
76 272
148 825
798 390
767 460
161 118
783 599
863 462
441 344
171 803
686 315
284 372
106 699
184 64
519 489
685 310
812 783
639 484
905 694
328 149
519 126
83 873
299 356
789 579
52 603
311 883
739 729
298 362
678 564
200 499
75 20
185 764
721 652
497 183
823 480
79 494
762 838
706 603
656 172
748 885
286 204
824 755
623 152
147 61
721 797
168 683
480 88
616 852
546 663
322 173
359 240
270 576
73 784
668 280
579 280
602 20
568 156
148 350
426 92
520 745
260 599
605 868
327 663
199 610
497 613
209 380
267 258
910 690
536 302
75 154
419 809
314 164
390 891
319 766
322 529
575 455
679 32
899 342
661 233
337 459
446 349
175 188
218 484
55 524
846 738
194 285
857 203
107 43
272 4
398 708
71 541
37 413
724 285
67 429
730 759
288 440
576 779
442 158
461 850
335 274
597 550
466 232
302 201
858 742
622 424
452 43
533 441
864 443
902 111
242 473
528 872
67 372
894 75
883 246
496 537
322 874
375 594
446 678
782 459
198 327
296 203
166 746
152 145
877 275
110 739
274 766
42 41
170 575
262 388
523 554
874 555
301 621
5 425
752 446
200 384
37 760
150 882
62 191
483 307
46 835
272 114
170 320
776 418
888 167
392 652
391 379
835 522
412 822
109 785
441 837
814 514
467 299
455 463
290 422
384 378
884 322
830 73
248 111
377 26
864 73
129 925
181 616
244 411
82 10
266 197
176 400
485 362
2 715
577 274
206 683
896 227
457 377
20 923
264 898
502 219
913 641
146 529
197 781
458 783
312 910
96 496
188 110
244 115
83 256
195 247
46 297
872 184
693 365
818 571
103 409
913 856
842 78
534 445
57 559
759 365
140 47
662 442
397 578
227 815
75 360
701 650
393 864
850 913
687 609
72 647
843 879
130 315
701 389
426 735
248 787
926 640
8 172
19 709
77 572
755 300
514 730
480 154
705 108
597 737
73 29
881 720
452 554
401 187
553 449
702 532
539 146
464 98
762 73
176 604
84 746
359 453
783 615
548 594
347 738
702 454
300 844
157 50
622 883
106 439
855 763
365 395
106 143
364 540
902 775
193 877
140 359
123 697
785 94
658 228
185 224
186 222
620 538
82 95
193 427
714 514
141 598
76 641
386 82
104 31
568 632
827 456
683 463
831 95
742 37
581 286
547 386
782 607
752 191
718 18
81 628
274 132
528 53
268 858
587 696
297 478
715 402
477 560
663 345
851 233
335 810
677 844
282 426
163 340
346 92
575 591
593 53
442 389
499 716
133 341
816 788
782 66
768 866
837 279
575 649
869 273
468 606
530 433
909 731
770 525
664 279
731 118
479 62
445 719
562 683
709 99
40 129
370 581
900 868
688 247
874 632
654 346
161 105
72 199
880 276
219 872
636 7
187 246
44 149
136 462
526 618
856 349
125 94
42 771
255 814
457 381
403 389
101 538
527 819
70 271
381 165
681 231
353 747
890 55
67 106
344 143
343 233
67 849
446 856
695 62
54 279
348 862
365 664
647 187
776 800
872 533
816 770
763 525
1 809
551 234
221 654
756 612
232 846
676 19
824 252
364 154
58 342
60 227
760 793
599 800
875 885
513 490
34 120
770 507
437 109
554 777
313 490
919 19
523 619
672 340
854 155
283 344
847 889
548 625
58 639
651 181
675 740
453 254
861 145
893 241
745 163
653 794
891 883
821 169
650 382
475 613
773 54
89 894
647 541
83 254
744 34
195 610
481 603
40 545
773 71
210 698
7 836
177 921
111 837
151 836
334 92
390 585
485 427
180 578
200 597
809 924
882 762
577 104
89 30
774 626
875 284
641 868
288 524
235 448
538 522
656 917
48 237
202 618
498 667
706 404
95 224
680 573
465 101
672 576
659 541
896 185
623 259
809 579
276 203
87 27
53 338
666 879
640 45
604 790
308 893
590 746
719 904
524 797
616 710
443 621
748 886
416 188
182 441
179 654
494 421
742 234
281 480
505 762
843 353
146 563
71 703
348 397
405 7
209 81
671 331
783 567
773 487
759 73
66 643
30 464
267 526
452 760
290 184
384 189
96 247
667 320
869 479
374 717
639 516
56 613
722 806
38 483
596 796
26 491
247 146
393 818
675 273
370 759
775 806
670 887
91 170
685 823
916 614
190 839
598 501
790 662
735 676
832 77
830 712
358 249
843 757
163 816
494 680
922 697
409 656
449 579
124 926
31 178
531 359
85 627
456 448
631 814
669 407
547 208
840 294
487 701
895 7
826 751
229 326
811 59
577 220
631 588
486 624
782 630
161 565
679 399
261 492
801 210
747 567
803 361
397 114
66 312
540 456
480 477
64 833
377 733
235 94
822 182
592 200
918 303
713 178
400 525
774 814
886 660
812 271
716 674
383 859
885 202
704 586
887 250
246 742
802 558
269 405
16 135
18 151
477 328
481 535
297 738
209 512
134 906
676 631
137 139
678 343
275 588
150 449
372 209
304 460
68 202
346 822
290 220
54 109
863 580
439 502
690 16
322 451
824 663
575 323
258 529
14 579
874 651
262 783
398 903
152 611
256 551
645 398
83 259
282 337
857 181
770 442
755 872
640 728
188 222
119 785
137 418
504 742
747 835
895 570
910 611
769 872
331 718
80 633
560 366
53 239
571 500
537 849
94 533
4 805
44 839
862 334
778 857
102 158
543 524
565 68
269 391
660 243
165 374
900 255
573 463
377 752
161 826
847 330
543 727
768 195
788 804
329 25
440 116
21 110
352 470
421 208
122 602
429 46
506 182
547 338
868 35
192 516
599 774
247 621
584 37
893 37
489 890
309 537
457 782
612 838
829 712
885 342
408 326
636 265
267 61
485 718
592 180
500 174
361 736
63 315
577 815
745 650
523 823
798 337
506 177
90 906
641 10
790 906
80 177
922 88
393 833
672 911
451 384
34 646
588 870
665 250
371 217
891 8
747 338
841 921
269 608
58 902
246 571
870 28
229 807
909 133
431 10
242 745
95 153
904 539
358 723
643 291
55 337
442 266
337 84
288 37
107 283
130 261
132 545
347 507
228 637
314 511
598 887
729 273
394 721
842 429
181 727
369 468
495 193
776 819
107 498
170 685
273 420
647 879
280 9
175 30
50 846
244 823
552 20
515 168
8 476
486 37
589 652
174 536
288 592
164 11
552 903
883 717
646 748
778 514
858 187
200 545
666 547
188 291
260 848
779 663
482 525
598 679
322 76
857 623
734 466
275 852
866 186
18 746
889 190
619 485
729 677
414 663
186 37
476 808
793 507
557 370
504 673
216 277
821 888
53 857
112 299
537 395
263 173
854 335
840 575
858 130
270 300
883 579
475 766
259 573
171 274
298 406
245 370
778 924
418 461
561 834
915 627
397 195
579 318
340 521
570 592
185 584
826 710
556 611
904 729
542 635
504 48
770 757
143 800
475 147
740 279
211 297
335 72
394 921
377 271
857 418
432 563
489 550
491 499
171 267
886 333
317 147
49 541
339 250
13 751
75 833
826 907
690 427
784 743
894 219
298 25
94 373
478 866
818 625
672 364
133 726
67 225
324 12
844 477
662 188
556 920
78 488
671 71
268 46
396 512
19 868
186 521
228 396
396 919
400 184
894 553
534 725
240 588
297 667
209 102
815 471
374 470
303 291
126 40
329 700
844 530
198 18
666 139
280 834
580 309
196 609
530 180
358 35
202 478
735 840
41 385
581 233
299 386
446 119
879 925
152 877
460 604
760 629
495 286
65 436
283 544
915 296
295 589
792 869
596 894
636 143
526 474
70 54
52 549
643 711
19 225
898 763
370 609
871 196
101 836
204 732
728 477
842 38
308 257
399 63
312 708
539 848
5 367
91 502
702 494
198 655
666 861
498 396
280 103
336 132
798 866
604 200
72 457
735 894
590 448
331 462
648 412
617 83
530 616
912 844
162 198
755 527
259 138
906 652
281 748
230 675
503 885
480 226
144 900
531 240
81 602
833 882
230 202
229 53
150 216
89 264
700 819
790 510
649 27
723 124
465 284
583 205
720 790
684 369
387 925
771 860
70 179
615 493
77 8
316 765
321 337
677 303
461 767
920 870
870 720
689 495
782 369
786 473
808 748
825 210
384 536
557 304
650 402
64 646
196 387
624 628
823 38
626 478
16 547
422 837
166 526
556 565
243 255
175 308
378 672
786 613
536 68
6 791
651 661
466 776
912 915
474 238
639 64
329 16
788 301
189 808
466 78
602 124
458 97
649 5
814 258
274 360
729 669
342 377
752 552
52 569
753 73
738 597
21 855
485 826
493 148
572 748
351 193
264 323
379 643
269 840
896 238
207 390
562 659
574 649
292 384
237 354
537 157
632 722
853 665
745 2
194 501
654 370
186 171
900 726
596 197
209 205
890 301
375 295
658 471
897 632
680 120
328 557
537 529
663 81
791 156
243 410
815 672
124 821
124 738
507 17
276 580
297 601
677 640
274 750
832 140
120 504
835 476
802 921
19 2
595 210
763 46
329 23
592 342
576 587
4 236
411 226
750 541
918 456
879 201
301 367
554 747
151 252
330 19
470 659
146 518
221 909
564 592
431 406
507 449
291 397
348 893
419 663
131 458
714 848
521 889
82 397
835 172
324 466
624 259
590 536
568 200
518 419
906 635
339 320
583 715
352 753
918 130
195 630
363 886
111 797
679 656
591 231
539 5
541 356
282 102
710 46
345 272
418 19
383 613
171 252
104 724
467 344
344 13
626 257
554 311
57 680
689 687
679 708
622 485
178 910
552 523
292 420
132 112
868 877
25 909
768 35
570 530
399 528
534 469
627 565
629 494
910 402
671 521
191 548
70 870
417 718
842 121
905 83
926 708
40 347
384 602
205 568
792 828
840 133
245 220
337 778
487 773
399 744
456 70
224 579
280 213
228 638
279 594
435 456
219 686
626 802
271 340
648 149
612 174
797 630
120 206
28 175
199 395
309 268
61 171
183 359
349 539
241 411
176 255
203 331
434 750
74 396
826 578
20 509
350 924
909 468
508 664
585 561
64 214
192 78
709 679
504 463
613 918
18 125
678 354
187 926
918 774
667 223
764 518
525 672
86 340
329 481
312 92
920 795
857 799
9 727
513 668
646 783
207 826
724 333
101 617
743 46
68 819
58 899
754 612
818 636
139 590
530 328
608 898
37 702
851 669
414 40
35 286
623 129
497 25
405 368
388 216
284 409
801 33
730 121
733 909
145 8
256 53
383 786
149 310
409 435
161 307
507 740
842 372
920 406
594 789
521 51
261 738
581 41
613 627
473 319
326 700
114 59
544 834
600 248
451 157
641 509
62 502
132 736
232 729
902 841
134 487
49 540
66 914
175 52
306 347
541 56
233 275
294 401
274 566
920 82
739 310
632 785
912 759
493 189
437 592
908 538
388 738
818 705
122 210
434 246
112 425
851 820
157 604
9 55
872 105
98 385
548 387
470 274
136 142
25 484
876 903
824 49
724 902
106 445
531 116
795 366
298 730
379 524
147 386
147 57
556 222
522 919
23 763
563 875
820 208
635 329
715 612
592 522
827 341
22 859
285 627
139 371
559 265
307 624
698 490
827 616
55 192
846 802
637 700
799 93
712 845
35 429
53 22
806 636
76 716
60 886
115 142
87 678
202 4
649 859
336 133
615 378
393 783
640 58
18 177
590 603
185 352
494 474
497 406
118 636
670 441
19 821
177 561
474 85
416 856
738 585
424 204
596 162
771 139
185 470
732 546
532 425
68 98
171 786
850 30
778 412
924 83
485 9
486 466
306 355
58 855
76 602
131 129
871 908
393 203
485 597
769 168
789 263
683 166
279 126
563 742
217 56
306 910
314 72
775 837
135 42
528 313
343 920
254 699
607 363
226 466
576 895
907 34
854 378
892 470
17 737
717 327
644 630
9 83
83 52
727 743
909 737
909 399
146 492
369 253
613 135
136 170
799 620
310 674
417 489
661 241
170 393
611 547
563 498
66 806
873 718
158 832
106 401
72 588
605 318
909 426
456 747
787 689
692 782
794 159
465 54
13 691
507 2
381 549
844 328
368 145
556 783
884 92
797 893
708 5
907 639
322 181
288 568
848 538
768 540
492 244
112 229
774 486
648 257
227 564
184 778
631 220
416 363
398 303
57 546
574 644
539 354
68 768
260 734
816 135
618 127
160 864
344 50
754 56
330 390
371 901
562 839
392 83
598 743
288 4
161 266
327 64
35 218
334 572
778 747
893 862
488 118
767 869
877 410
399 234
883 344
406 711
22 268
912 141
677 328
606 422
389 745
208 4
382 606
45 857
32 306
643 882
288 608
352 516
42 119
148 448
227 795
690 554
179 233
253 434
860 780
370 920
740 526
834 471
727 174
544 185
752 431
474 842
181 753
883 289
900 129
149 472
62 172
618 683
863 591
107 899
260 314
387 365
472 896
312 41
3 825
745 98
693 450
782 481
328 169
737 83
576 677
498 50
6 27
425 873
431 401
508 127
18 22
473 638
713 644
847 340
611 759
81 800
908 248
283 816
180 924
714 153
364 43
887 795
347 424
740 734
36 877
504 19
877 792
418 288
806 843
347 18
44 256
738 276
404 459
82 870
191 791
195 70
565 75
508 7
366 616
38 197
811 455
776 355
870 583
351 265
674 40
488 107
881 756
458 655
520 467
204 753
157 921
302 425
726 618
202 286
771 524
131 790
315 213
62 297
674 778
112 90
844 363
477 313
79 229
814 541
691 629
357 414
423 803
815 51
585 159
796 885
874 629
892 289
378 868
217 111
328 38
310 74
719 367
133 926
11 612
301 568
375 266
394 458
603 120
287 243
713 744
201 393
684 901
6 311
337 57
11 742
450 504
711 502
551 514
493 438
32 598
742 171
511 377
470 275
384 901
332 843
39 849
197 489
179 882
695 863
535 657
706 436
63 90
564 477
81 439
359 69
895 23
110 494
64 918
156 351
600 712
765 733
657 316
531 304
455 173
555 444
572 630
177 538
324 351
716 585
50 117
129 404
872 898
37 282
837 519
847 296
335 68
121 515
141 267
453 9
18 909
552 792
793 223
541 511
512 369
198 569
473 897
720 57
634 204
889 188
330 758
376 105
503 190
871 733
832 231
322 364
914 40
515 433
168 638
562 791
394 487
657 413
15 574
95 446
398 856
880 759
924 827
47 115
486 122
736 828
883 498
292 732
352 565
576 410
279 92
393 867
377 102
505 25
253 651
327 542
401 227
755 684
77 488
45 767
817 49
466 746
72 248
589 525
58 439
679 152
544 492
525 721
512 875
507 926
471 827
493 84
349 442
684 438
425 903
504 61
126 515
469 769
901 691
903 851
170 597
210 444
546 761
33 477
332 712
67 851
871 300
466 741
857 243
165 148
807 805
454 40
570 699
297 245
665 562
208 382
885 604
523 444
727 265
803 924
886 607
743 393
252 816
592 675
459 412
24 730
707 114
832 800
194 835
627 427
370 503
417 763
772 717
518 546
423 682
797 707
119 505
568 351
426 778
464 739
102 95
528 2
604 687
623 381
509 738
383 55
112 655
646 123
133 613
391 532
86 554
699 527
900 79
225 900
874 469
159 665
140 438
794 751
289 272
647 657
580 169
538 63
115 431
152 536
255 97
759 543
813 24
550 84
289 207
606 459
275 601
866 268
116 690
372 367
822 409
346 334
384 506
404 34
704 179
834 733
389 600
105 253
140 548
767 248
567 463
236 427
878 526
247 304
277 210
170 508
706 880
448 751
917 139
240 360
350 451
100 439
924 52
199 445
55 191
494 572
816 392
466 783
489 438
735 566
849 643
523 879
283 521
81 257
508 568
691 881
145 485
879 470
493 375
76 417
870 234
66 609
270 908
68 27
316 844
463 527
815 346
716 638
51 722
879 761
516 879
745 682
103 48
51 579
30 805
196 770
221 783
664 885
98 796
761 874
392 536
123 85
819 752
142 612
186 360
924 320
104 358
621 628
749 138
235 83
731 747
111 763
274 525
739 761
668 144
115 292
686 430
267 99
783 700
171 549
916 425
266 540
641 35
826 97
276 2
135 313
381 355
338 448
386 276
657 60
668 546
704 875
500 348
564 499
195 368
102 519
841 883
121 780
19 808
513 722
100 584
820 321
749 421
74 367
754 48
702 208
580 917
446 402
798 77
450 260
692 827
344 542
697 432
665 228
899 891
766 126
530 368
325 628
846 706
406 735
136 91
580 256
6 254
577 850
29 695
902 484
733 484
165 482
242 842
742 370
794 514
304 671
342 655
492 339
370 230
761 289
742 790
28 839
626 311
50 907
750 182
509 102
533 473
196 699
505 903
58 113
343 833
230 686
281 841
686 448
384 468
58 618
26 476
923 397
746 309
892 609
414 229
624 404
593 369
846 605
375 244
793 772
361 596
380 74
534 464
739 533
422 244
80 475
443 337
532 603
730 22
613 901
217 263
200 201
475 490
134 76
895 764
394 182
682 580
242 514
21 769
599 578
837 473
185 675
89 750
532 70
315 291
148 596
304 779
594 81
741 883
703 12
642 463
118 41
286 115
112 487
241 111
95 860
777 576
479 61
172 731
409 109
676 200
34 107
17 225
40 158
632 322
263 43
168 199
326 132
321 366
35 735
133 482
435 198
205 355
918 623
722 164
83 239
637 556
32 453
855 57
828 856
686 618
428 97
84 86
836 307
180 319
400 125
644 219
812 913
744 77
654 457
550 229
75 199
888 295
650 138
562 719
101 209
673 123
450 459
214 69
531 901
145 600
679 5
223 153
499 896
10 470
821 281
575 357
401 233
755 29
424 662
556 615
443 857
410 511
734 869
132 852
687 876
281 701
655 791
236 58
854 699
815 136
100 43
268 816
379 488
604 501
224 792
212 34
490 716
363 86
54 782
456 9
845 766
149 575
459 635
613 667
483 848
191 501
268 534
888 626
161 674
552 888
666 378
77 201
428 373
802 166
605 573
877 312
471 636
335 528
367 128
330 805
522 882
190 529
104 285
340 102
839 892
269 553
164 767
640 620
169 652
630 606
22 355
760 659
854 824
214 140
164 590
557 39
481 137
135 906
764 557
423 753
97 918
647 58
654 902
368 885
129 777
184 919
760 534
574 275
118 458
797 165
909 897
696 72
125 754
770 457
253 1
921 83
194 832
762 62
547 732
236 144
697 789
531 442
698 622
320 347
102 903
639 530
272 163
128 184
877 140
112 887
59 173
133 697
80 571
742 498
262 87
587 761
859 380
181 173
917 883
625 783
268 505
126 413
631 603
716 50
863 429
168 626
294 557
758 523
290 67
64 547
856 661
692 59
842 37
770 371
899 438
848 777
64 594
357 568
378 72
588 318
510 467
293 33
24 523
573 751
825 753
411 887
108 413
582 519
602 788
713 500
680 182
365 591
504 733
816 438
126 575
109 586
901 867
758 89
8 120
515 523
146 154
679 260
793 672
124 356
371 630
249 373
527 261
360 698
576 812
679 800
740 388
244 568
479 228
447 463
253 802
903 381
120 629
815 495
725 153
754 239
402 152
204 327
647 785
919 72
886 374
749 40
589 553
420 20
587 543
605 340
437 189
278 914
686 15
131 558
122 61
885 878
64 314
381 871
895 241
217 506
828 174
294 598
903 572
632 822
94 96
876 226
474 6
570 187
149 832
811 62
792 678
886 858
830 759
617 809
69 532
415 568
662 619
537 693
475 546
648 912
9 749
619 17
723 15
743 421
88 89
48 911
214 646
603 488
532 761
644 390
349 689
170 382
23 560
134 733
67 813
316 783
381 587
238 609
593 99
480 138
479 281
725 550
357 23
288 769
662 472
810 305
118 102
393 809
747 221
179 601
491 84
53 709
59 392
838 81
544 311
767 871
328 12
438 81
810 595
389 921
853 164
516 540
217 130
861 761
239 175
404 80
761 573
725 90
799 370
910 862
323 896
54 687
608 614
98 118
297 606
500 552
835 647
712 112
17 4
5 645
828 369
242 364
284 738
744 587
428 460
447 112
214 303
206 304
95 578
637 585
367 740
541 367
389 898
690 613
602 367
36 585
400 639
661 822
848 414
152 240
633 70
99 171
120 879
154 514
219 249
925 609
323 562
784 405
161 425
623 201
114 459
703 97
726 194
186 652
11 146
242 481
507 337
680 303
38 910
115 671
518 713
151 479
224 370
879 203
148 583
720 192
108 200
39 639
726 799
323 571
785 274
513 693
3 365
354 776
631 918
464 200
734 561
798 253
123 22
311 769
774 561
739 273
745 876
263 387
191 870
430 42
896 890
14 677
53 833
98 362
9 848
139 123
638 5
217 149
473 771
681 908
294 819
462 912
12 13
347 109
627 847
78 239
99 403
118 413
800 259
251 60
732 376
880 81
236 578
610 166
831 681
867 736
312 110
302 583
377 57
288 145
308 231
398 218
590 245
675 327
868 308
869 386
452 137
400 458
486 788
346 268
883 304
142 334
256 60
296 154
650 898
912 164
50 409
344 337
604 138
108 167
493 427
432 43
757 361
80 640
671 610
854 508
412 583
626 660
152 274
501 86
570 677
865 198
776 625
435 277
654 61
59 248
373 925
543 401
750 687
864 393
443 246
613 33
881 32
188 245
631 643
631 434
388 224
636 523
201 441
46 306
651 11
283 21
533 587
50 312
784 488
625 761
515 149
920 216
24 13
78 192
64 681
172 176
177 78
794 667
771 505
721 60
422 765
465 896
561 875
690 251
229 205
716 772
606 63
760 757
155 7
764 197
394 830
754 490
263 831
722 922
335 252
884 453
67 626
733 900
536 320
641 96
313 823
427 618
245 751
156 222
470 580
378 791
70 636
514 94
770 500
610 74
576 657
631 736
610 282
570 719
607 710
663 720
302 725
544 494
161 495
1 488
680 392
664 781
574 158
479 131
264 261
676 732
71 128
572 541
278 314
723 100
84 682
509 163
551 508
737 128
227 88
885 55
362 490
552 214
707 285
721 660
385 591
133 558
911 540
26 37
893 579
748 893
108 535
478 591
542 494
655 734
106 757
327 633
681 221
169 830
153 79
687 548
246 225
415 801
198 4
218 846
334 580
208 739
120 720
321 465
525 479
83 638
229 446
653 65
716 896
71 556
347 47
38 801
192 902
407 750
284 500
925 546
124 910
262 860
788 591
606 818
791 79
705 661
67 758
381 309
515 286
185 26
518 180
662 770
354 236
709 641
84 559
858 243
497 617
182 515
822 499
577 311
427 194
817 171
66 843
782 504
33 207
659 367
864 325
866 81
297 632
797 879
249 791
765 70
86 52
913 678
737 631
188 73
357 468
587 827
329 594
134 164
176 528
429 834
374 792
413 499
234 231
515 404
476 694
837 289
396 412
661 462
242 813
407 394
169 301
670 276
764 87
582 170
824 200
261 699
329 859
541 25
101 119
729 663
895 700
470 345
278 906
236 897
293 496
846 382
666 311
539 47
926 750
377 780
598 526
357 302
833 659
109 723
313 643
830 184
926 321
234 134
865 846
113 576
76 25
848 919
10 174
780 113
836 86
875 366
711 433
624 537
715 524
331 775
340 386
182 613
203 119
593 216
828 769
528 248
214 767
913 292
128 790
421 592
151 689
685 78
726 335
75 142
348 480
205 425
797 890
816 18
615 354
569 779
514 595
644 357
257 96
700 719
282 159
561 757
419 873
359 479
676 629
205 821
477 48
683 749
390 905
745 347
709 810
467 6
32 116
747 840
394 396
885 36
243 409
813 146
195 199
307 427
850 172
205 535
581 866
470 645
8 391
273 853
218 645
185 539
848 532
776 369
284 737
82 117
463 165
338 11
624 881
569 304
767 701
805 202
184 327
824 222
848 862
465 404
377 346
487 575
237 680
680 124
863 30
169 595
4 225
194 637
321 867
585 801
513 37
155 28
171 122
579 764
26 864
877 617
418 228
518 905
278 226
319 36
908 442
750 173
27 627
428 604
673 286
146 864
368 613
479 179
499 218
615 877
715 20
308 614
734 468
735 668
547 354
208 232
501 272
570 122
296 650
704 263
466 381
102 695
623 430
418 366
241 273
659 305
770 289
866 288
426 52
82 282
174 148
305 592
185 880
276 180
792 381
796 285
565 72
53 356
435 729
403 150
424 241
135 541
263 386
387 35
234 638
23 459
720 297
459 553
311 550
478 45
830 838
186 124
28 196
430 702
771 203
810 274
549 494
135 645
924 270
283 446
254 88
313 907
80 650
597 352
501 443
549 651
693 781
269 782
38 66
101 523
149 69
666 209
127 403
462 436
544 451
672 866
165 565
55 319
168 705
818 330
642 93
448 299
900 624
635 758
765 7
96 79
396 832
608 793
184 251
2 926
140 749
817 470
126 692
821 881
76 491
805 786
715 829
57 154
458 216
114 413
60 372
541 814
157 324
101 620
253 758
907 134
130 281
204 253
212 795
